1.000000000000000056e-01
9.998082987064024763e-02
9.984831477538541611e-02
9.949390623447658399e-02
9.881495669580063479e-02
9.771601744809296775e-02
9.611071380151373078e-02
9.392409900216318330e-02
9.109531582146121464e-02
8.758031685219226647e-02
8.335432391976350941e-02
7.841366232846198880e-02
7.277660858257119225e-02
6.648295939008885824e-02
5.959217208471818961e-02
5.218012863267092877e-02
4.433479963233002974e-02
3.615127604994163024e-02
2.772673976140957453e-02
1.915592688956516826e-02
1.052750649890851070e-02
1.921594557376872514e-03
-6.591589434676701012e-03
-1.495208394398504607e-02
-2.310982083655555019e-02
-3.102381213630912155e-02
-3.866113316351837276e-02
-4.599588690773083466e-02
-5.300826883688832675e-02
-5.968379438351636979e-02
-6.601270908462991693e-02
-7.198957408695803861e-02
-7.761300482358207686e-02
-8.288553460549442919e-02
-8.781357442383959377e-02
-9.240744294820105176e-02
-9.668144485205804051e-02
-1.006539801732329736e-01
-1.043476718688817889e-01
-1.077895027983215848e-01
-1.110109569879851321e-01
-1.140481632212959062e-01
-1.169420418170383502e-01
-1.197384579946579458e-01
-1.224883875601477795e-01
-1.252481028690829445e-01
-1.280793892241882947e-01
-1.310498041416955362e-01
-1.342329943866360231e-01
-1.377090884685698013e-01
-1.415651855765760192e-01
-1.458959659335615222e-01
-1.508044525480219389e-01
-1.564029607080912043e-01
-1.628142797918831208e-01
-1.701731427227608229e-01
-1.786280525780453432e-01
-1.883435546994527143e-01
-1.995030678663023416e-01
-2.123124220815804652e-01
-2.270042966949983587e-01
-2.438438158331495687e-01
-2.631356455041538589e-01
-2.852330586505787968e-01
-3.105496061322753909e-01
-3.395742758790772919e-01
-3.728913732699120631e-01
-4.112068640136958275e-01
-4.553836617762788697e-01
-5.064894252540296238e-01
-5.658620001737160177e-01
-6.351998659528608204e-01
-7.166878969522845200e-01
-8.131719953373595100e-01
-9.283974452289190937e-01
-1.067317147461338767e+00
-1.236432605780248162e+00
-1.443987358775075780e+00
-1.699461265201453353e+00
-2.011180053891680863e+00
-2.380943681765173903e+00
-2.798392688000707285e+00
-3.243633527062173449e+00
-3.699595324447495059e+00
-4.160833033209335063e+00
-4.631617966902101813e+00
-5.118093817198350770e+00
-5.619671016656691442e+00
-6.130706008537639917e+00
-6.658257671679298717e+00
-7.234999508825962877e+00
-7.919639518716014237e+00
-8.768841079832441210e+00
-9.735127755578790953e+00
-1.072922273825546391e+01
-1.175152026295668506e+01
-1.280015336644310509e+01
-1.393087078213310193e+01
-1.531405217059709045e+01
-1.686435725936337704e+01
-1.845770883065637946e+01
-2.013792492259262445e+01
-2.216635887331945654e+01
-2.440595001793944618e+01
-2.681450600195537604e+01
-2.963429169314236944e+01
-3.256585003242580711e+01
-3.575156285066994144e+01
-3.907323610918318479e+01
-4.259634257743773844e+01
-4.628043991925249401e+01
-5.018719604418525648e+01
-5.431551974316261067e+01
-5.868182182512354927e+01
-6.322862959665960858e+01
-6.793524932899259738e+01
-7.286191004961618489e+01
-7.796507455428881883e+01
-8.315730094997631738e+01
-8.847178455436227296e+01
-9.384838818068378430e+01
-9.928361412352421667e+01
-1.048298351470999847e+02
-1.104818009590859589e+02
-1.161887423897952232e+02
-1.219188868299980157e+02
-1.276723527286561790e+02
-1.334589661106242886e+02
-1.392801978598950257e+02
-1.451267369300417442e+02
-1.509869590971734112e+02
-1.568546859149675470e+02
-1.627300789312006657e+02
-1.686158715467335014e+02
-1.745133756057378207e+02
-1.804207772075974674e+02
-1.863341560532873871e+02
-1.922499623929267329e+02
-1.981664222356768050e+02
-2.040822787908352609e+02
-2.099941643358691579e+02
-2.158953311380027174e+02
-2.217776474310384458e+02
-2.276375621667174869e+02
-2.334828974822988812e+02
-2.393296237664332295e+02
-2.451847369339352554e+02
-2.510376575097129148e+02
-2.568744235581532394e+02
-2.626932535240415518e+02
-2.685033820821129211e+02
-2.743137587516778240e+02
-2.801266573375032181e+02
-2.859401703644829240e+02
-2.917525577966495121e+02
-2.975637146191710372e+02
-3.033744288193392435e+02
-3.091853645677905433e+02
-3.149966819202726924e+02
-3.208082012195205266e+02
-3.266197004657836374e+02
-3.324310806519795278e+02
-3.382423658899589327e+02
-3.440536257710734844e+02
-3.498649085993986318e+02
-3.556762215335319297e+02
-3.614875466650686917e+02
-3.672988653682892277e+02
-3.731101715364596885e+02
-3.789214704207533373e+02
-3.847327703516418183e+02
-3.905440758666414922e+02
-3.963553861516039660e+02
-4.021666976335194477e+02
-4.079780073670963816e+02
-4.137893146974416254e+02
-4.196006207880724901e+02
-4.254119271433493736e+02
-4.312232344743939052e+02
-4.370345425244119042e+02
-4.428458506115240425e+02
-4.486571582628759529e+02
-4.544684654791331013e+02
-4.602797725788751677e+02
-4.660910798727887254e+02
-4.719023874480740801e+02
-4.777136951755916243e+02
-4.835250028639676998e+02
-4.893363104088094246e+02
-4.951476178362717064e+02
-5.009589252437360756e+02
-5.067702327099513582e+02
-5.125815402458962353e+02
-5.183928478080650848e+02
-5.242041553462167940e+02
-5.300154628419123810e+02
-5.358267703132835322e+02
-5.416380777921799563e+02
-5.474493852975746222e+02
-5.532606928251763065e+02
