0.000000000000000000e+00
-5.730351738846096998e-03
-2.258269739221098471e-02
-5.001140475051566586e-02
-8.737161234263587928e-02
-1.338587163920327838e-01
-1.884544466474576963e-01
-2.498862586103090533e-01
-3.166077193773675913e-01
-3.868075803408965174e-01
-4.584536542677255522e-01
-5.293739485035169334e-01
-5.973716965607359652e-01
-6.603636846807444671e-01
-7.165242286716492215e-01
-7.644126709340541836e-01
-8.030626209131805915e-01
-8.320173986944661149e-01
-8.513071200677683192e-01
-8.613752994822824194e-01
-8.629726356657164699e-01
-8.570397872797639316e-01
-8.445989051044339169e-01
-8.266673080172131094e-01
-8.041989262090546431e-01
-7.780525491259582260e-01
-7.489818207710683406e-01
-7.176403790972156749e-01
-6.845958473422107948e-01
-6.503476738688626080e-01
-6.153453724344615239e-01
-5.800051112899716754e-01
-5.447236615468697973e-01
-5.098894275186617309e-01
-4.758907054736792319e-01
-4.431215344684166779e-01
-4.119855879083899053e-01
-3.828985634812201999e-01
-3.562895001064166900e-01
-3.326014068654746247e-01
-3.122915435488559655e-01
-2.958316519979236614e-01
-2.837084045990027614e-01
-2.764243119868214360e-01
-2.744993163976964801e-01
-2.784732903111541980e-01
-2.889096625334799939e-01
-3.064004068167440753e-01
-3.315726533597787018e-01
-3.650972239422278776e-01
-4.076994510179570153e-01
-4.601727253770182546e-01
-5.233953335417370623e-01
-5.983513052500276652e-01
-6.861562074811767831e-01
-7.880891143823582912e-01
-9.056323801305845578e-01
-1.040521383966065194e+00
-1.194807160415284564e+00
-1.370935855777987822e+00
-1.571850385265258776e+00
-1.801121682371167987e+00
-2.063119799131741594e+00
-2.363239231954381570e+00
-2.708198814817690980e+00
-3.106445250311653083e+00
-3.568702210329575131e+00
-4.108725964605634218e+00
-4.744356580726064365e+00
-5.498994615322954083e+00
-6.403690416431585319e+00
-7.500105453066645111e+00
-8.844670684626002810e+00
-1.051423351386063487e+01
-1.261303968049273294e+01
-1.527908784574433199e+01
-1.868212390670623080e+01
-2.299014098322714972e+01
-2.825156926870218399e+01
-3.413266301845243333e+01
-3.964531722673942937e+01
-4.349233204240393036e+01
-4.525785807583501708e+01
-4.584808194808090320e+01
-4.648194334671966743e+01
-4.779210530834775739e+01
-4.949526323555389240e+01
-5.069420934200596918e+01
-5.161055522283692909e+01
-5.444439812764311171e+01
-6.189587072154869674e+01
-7.621009787311774630e+01
-9.279510679667939144e+01
-9.864494311608564203e+01
-1.004599811178520241e+02
-1.038333535978158721e+02
-1.066201340573934147e+02
-1.230717547211141039e+02
-1.516305164799864542e+02
-1.565649057091769691e+02
-1.618579025351723715e+02
-1.801339216705734430e+02
-2.194444850649794319e+02
-2.286584545198837475e+02
-2.623443383334097234e+02
-2.896228146627416891e+02
-3.009765612863000683e+02
-3.290756741377133494e+02
-3.400827597574514698e+02
-3.579566795213206092e+02
-3.812926657796569430e+02
-3.953072714365528668e+02
-4.316041903973983267e+02
-4.450158829525927331e+02
-4.610734709189605951e+02
-4.775168075961054228e+02
-5.075329008796403514e+02
-5.151320232043283340e+02
-5.253233706660026883e+02
-5.344470160566904724e+02
-5.389617131123648051e+02
-5.483048394988608152e+02
-5.609208071386650545e+02
-5.692399341488256823e+02
-5.723798175063120652e+02
-5.741738082636073841e+02
-5.769175166191147355e+02
-5.804200353067542437e+02
-5.834771075549467696e+02
-5.853684812009007601e+02
-5.863350637427146239e+02
-5.870543119252297402e+02
-5.879922532761863749e+02
-5.891764788024430572e+02
-5.903307817402907176e+02
-5.911484057414764948e+02
-5.915336163484217877e+02
-5.916373954532456310e+02
-5.916285587426509665e+02
-5.914347437808522727e+02
-5.907403951995876241e+02
-5.892444651892564025e+02
-5.870512966867104296e+02
-5.850201147819524294e+02
-5.843970675316186316e+02
-5.852254840780658469e+02
-5.857516832671539078e+02
-5.846752568644998291e+02
-5.826831330444910009e+02
-5.812362860555651878e+02
-5.809051162956600365e+02
-5.811615499075388698e+02
-5.813527850602919216e+02
-5.813069132850497454e+02
-5.811674869263378014e+02
-5.810803104269346022e+02
-5.810771708037385679e+02
-5.811151593805227549e+02
-5.811468522742926552e+02
-5.811542186873761011e+02
-5.811444891324885020e+02
-5.811321538579252319e+02
-5.811260228567307422e+02
-5.811265847658356734e+02
-5.811298858373353369e+02
-5.811322265583811486e+02
-5.811323869786365321e+02
-5.811312180365014228e+02
-5.811301115736192742e+02
-5.811298278233873589e+02
-5.811302562825313771e+02
-5.811308488579768436e+02
-5.811311589946238882e+02
-5.811310957959246934e+02
-5.811308453928770632e+02
-5.811306427859609585e+02
-5.811305999662525892e+02
-5.811306799012178317e+02
-5.811307779234441568e+02
-5.811308171927535113e+02
-5.811307903662773242e+02
-5.811307394945043825e+02
-5.811307096052178167e+02
-5.811307163222058989e+02
-5.811307445601922836e+02
-5.811307687632769330e+02
-5.811307738494481328e+02
-5.811307623562352092e+02
-5.811307472772240317e+02
-5.811307399485159522e+02
-5.811307427964028420e+02
-5.811307504283530534e+02
-5.811307557893169360e+02
-5.811307556168849260e+02
-5.811307516230724559e+02
-5.811307478302156824e+02
-5.811307470330007163e+02
-5.811307491205053566e+02
-5.811307519248958897e+02
-5.811307533076399068e+02
