0.000000000000000000e+00
2.104352844962469819e-05
8.293323336217620870e-05
1.837043279060456068e-04
3.211424036889978751e-04
4.926753193043253119e-04
6.953107328248698876e-04
9.256219350643373270e-04
1.179776392220193608e-03
1.453590109995718527e-03
1.742579862316175239e-03
2.041979587380769647e-03
2.346692473914044341e-03
2.651169859108200039e-03
2.949239829683592429e-03
3.233942517780716373e-03
3.497450042800782054e-03
3.731142773998315319e-03
3.925876473136981869e-03
4.072418720583515124e-03
4.161980637769875993e-03
4.186742932452704700e-03
4.140282433131562204e-03
4.017839174613083153e-03
3.816407776617985591e-03
3.534673926418261444e-03
3.172838299503021649e-03
2.732375680812733007e-03
2.215771069266996712e-03
1.626263164250719767e-03
9.676136071100966589e-04
2.439103765153807909e-04
-5.405932680585019559e-04
-1.381607107155072983e-03
-2.274904409269308449e-03
-3.216399977304180285e-03
-4.202211029829757555e-03
-5.228705502486885592e-03
-6.292541560385949903e-03
-7.390701328901764719e-03
-8.520521153678196555e-03
-9.679720118919944369e-03
-1.086642808786596366e-02
-1.207921416974941375e-02
-1.331711624783687119e-02
-1.457967200698354233e-02
-1.586695176147242745e-02
-1.717959329145165095e-02
-1.851883883740234465e-02
-1.988657436620420299e-02
-2.128537119929253124e-02
-2.271853007229108351e-02
-2.419012766375489357e-02
-2.570506557233286082e-02
-2.726912161530507459e-02
-2.888900313684979529e-02
-3.057240170763629583e-02
-3.232804810312211313e-02
-3.416576566739355086e-02
-3.609651895057737481e-02
-3.813245261399311054e-02
-4.028691265443341829e-02
-4.257443740903088525e-02
-4.501069859475478191e-02
-4.761236121606020333e-02
-5.039681287900932977e-02
-5.338168338022635656e-02
-5.658402668828108051e-02
-6.001895627780635956e-02
-6.369738807341193687e-02
-6.762231313257603682e-02
-7.178262812625776923e-02
-7.614289483252785484e-02
-8.062636996111435805e-02
-8.508731105259398353e-02
-8.926800255784778093e-02
-9.274130801258899381e-02
-9.486903136835644901e-02
-9.490513559184107772e-02
-9.256319026269767269e-02
-8.925233264662875421e-02
-8.861159266740756268e-02
-9.370425942334999203e-02
-1.034191698744210824e-01
-1.133716118157710312e-01
-1.186572143997652179e-01
-1.154982177473244803e-01
-1.034546145617601387e-01
-8.626889373885157641e-02
-6.834069756911340110e-02
-5.273657491388866747e-02
-4.575323080180260238e-02
-6.275416727980864806e-02
-9.736506907487885165e-02
-1.155348809603594096e-01
-1.084051375232955028e-01
-6.528748764675192107e-02
-1.601634932369094821e-02
-6.776483324708124090e-02
-1.299994963487204891e-01
-1.072017697182895968e-01
1.460123243903316270e-02
-1.243152401310735899e-01
-1.411610903535128747e-01
1.208911410917049567e-01
-9.215410247511141018e-02
3.714908514754344804e-02
-1.300540540421364910e-01
-9.812008535496352657e-03
-1.555695824094165403e-01
9.751092297325125724e-02
8.048154065500276455e-02
1.331448034347007536e-02
1.671543121660204745e-01
1.669148466081182558e-01
1.048696891006443144e-01
1.412285738925146972e-01
1.830006019551390917e-01
1.816520681732952947e-01
1.764683773810971912e-01
1.643117650609465796e-01
1.600017999426351090e-01
1.601862383945902579e-01
1.588971159981239223e-01
1.603745245918085927e-01
1.681469439123157994e-01
1.777740727965804179e-01
1.814185164945773532e-01
1.752804840313109680e-01
1.636337515615552129e-01
1.549677820251476601e-01
1.546957574030325966e-01
1.620202004183235456e-01
1.718799644057018572e-01
1.783796210205004229e-01
1.776823933838453384e-01
1.700244799624964498e-01
1.598019089906946577e-01
1.527976233006921869e-01
1.523081193579953196e-01
1.575053171236565352e-01
1.647830579700285680e-01
1.703309957781320161e-01
1.723353608186672103e-01
1.709107917195965831e-01
1.662977682938225621e-01
1.618638071505391074e-01
1.645504873220984821e-01
1.741599502110993958e-01
1.823062864351478740e-01
1.842731256911032955e-01
1.833177806130353027e-01
1.833863576388758410e-01
1.847432915186413283e-01
1.860478845054272523e-01
1.866177008055260600e-01
1.866416863743355636e-01
1.865387613177182102e-01
1.865335019068613265e-01
1.866281301169624152e-01
1.867406540359173583e-01
1.868128971595908183e-01
1.868375371399028373e-01
1.868362636470610461e-01
1.868315832193392922e-01
1.868334176265939173e-01
1.868405090959808224e-01
1.868477316496442719e-01
1.868517501277413562e-01
1.868525015164804737e-01
1.868517851411121700e-01
1.868513141867990945e-01
1.868517192461457421e-01
1.868526801431200368e-01
1.868535843491367920e-01
1.868540654158961367e-01
1.868541422622865544e-01
1.868540503470621228e-01
1.868540058009526827e-01
1.868540805660973414e-01
1.868542211694048660e-01
1.868543396905414378e-01
1.868543892345481128e-01
1.868543815949280096e-01
1.868543586248714028e-01
1.868543540957692262e-01
1.868543748082015787e-01
1.868544063144812750e-01
1.868544305378828096e-01
1.868544394079919291e-01
1.868544369438883967e-01
1.868544324964531989e-01
1.868544327411791883e-01
1.868544382071222754e-01
1.868544451275507834e-01
1.868544495756276624e-01
1.868544503272033253e-01
1.868544489205098691e-01
1.868544477752363264e-01
1.868544482759163516e-01
