0.000000000000000000e+00
-1.920049265362716584e-02
-3.758584577449764624e-02
-5.519070852917550007e-02
-7.204804891246024967e-02
-8.818877401130073568e-02
-1.036409362169022769e-01
-1.184283751027292164e-01
-1.325687399618520890e-01
-1.460709975110341119e-01
-1.589327430020354981e-01
-1.711378668881383402e-01
-1.826553169586271619e-01
-1.934397439364734794e-01
-2.034346339869269049e-01
-2.125780734300009023e-01
-2.208106257600513933e-01
-2.280841221622342263e-01
-2.343697385352447038e-01
-2.396637648504550411e-01
-2.439899960821864111e-01
-2.473985015476060367e-01
-2.499613514197713271e-01
-2.517664223644400234e-01
-2.529105527316911073e-01
-2.534931273101975746e-01
-2.536107971716723419e-01
-2.533536419287232277e-01
-2.528027657361613389e-01
-2.520291235379485406e-01
-2.510932905738704202e-01
-2.500458836449370170e-01
-2.489283822687488879e-01
-2.477741545069020446e-01
-2.466095489260879126e-01
-2.454549624150117459e-01
-2.443258306991430151e-01
-2.432335148287656790e-01
-2.421860744994145387e-01
-2.411889299594617564e-01
-2.402454204336182120e-01
-2.393572700218171145e-01
-2.385249730919031808e-01
-2.377481110930368402e-01
-2.370256120241612252e-01
-2.363559628506024246e-01
-2.357373841888207588e-01
-2.351679757030710194e-01
-2.346458399527424632e-01
-2.341691919402330291e-01
-2.337364613689326409e-01
-2.333463946625966290e-01
-2.329981641659067959e-01
-2.326914927079022921e-01
-2.324268029651525291e-01
-2.322054029584416368e-01
-2.320297217733995887e-01
-2.319036135306606905e-01
-2.318327532104298705e-01
-2.318251558423936598e-01
-2.318918618106610985e-01
-2.320478470865397491e-01
-2.323132403147517289e-01
-2.327149621763036358e-01
-2.332889513404736992e-01
-2.340832130871024763e-01
-2.351620323704113891e-01
-2.366118484365698771e-01
-2.385495137443692515e-01
-2.411339773883364179e-01
-2.445828459726439308e-01
-2.491957027210664755e-01
-2.553861381724987778e-01
-2.637228845955629786e-01
-2.749732912638995219e-01
-2.901182592490186285e-01
-3.102374933281936698e-01
-3.359914580615846469e-01
-3.661485866978868575e-01
-3.948173965684137476e-01
-4.099971412793331771e-01
-4.012911074466506411e-01
-3.749763167663244801e-01
-3.524757682641362910e-01
-3.516660147350807453e-01
-3.755875536532505832e-01
-4.065899507004921976e-01
-4.092749889488286330e-01
-3.709595037450654220e-01
-3.303382356434008127e-01
-3.371561323197831417e-01
-4.161171335341971034e-01
-4.882058835540212804e-01
-4.261361729377226015e-01
-4.128561507074488546e-01
-4.595469536521816778e-01
-3.715392966278244780e-01
-4.276059781680187633e-01
-5.783037310769006956e-01
-4.703537296852372540e-01
-5.055767073180411630e-01
-4.792601624709143526e-01
-6.530219502844575308e-01
-6.926382497565658491e-01
-6.663611172929337911e-01
-5.788794177795959506e-01
-4.343353748500202172e-01
-4.776649844543667256e-01
-3.495917835513243643e-01
-3.214858818985220079e-01
-3.007546925728725173e-01
-3.837110637355041765e-01
-6.612733528665015736e-01
-3.942302723263727549e-01
-5.428347592808698829e-01
-4.784390035899888649e-01
-6.823357986924153407e-01
-5.293019853009331976e-01
-5.843934332011837540e-01
-6.151811966540282617e-01
-5.305244163565410176e-01
-5.422812665149054911e-01
-6.098962677864290249e-01
-6.142189004773148664e-01
-5.630648157622776262e-01
-5.235119745435471428e-01
-5.241202773112955127e-01
-5.503222663435241024e-01
-5.715835992782460906e-01
-5.683623049592568810e-01
-5.437328639057678048e-01
-5.148550775486929743e-01
-4.976545686348128328e-01
-4.983384749071143593e-01
-5.132911124357339983e-01
-5.326332212419270240e-01
-5.451948296528523752e-01
-5.443367232960447666e-01
-5.317787822314123947e-01
-5.158810042717920652e-01
-5.059055075523934963e-01
-5.075688895267997935e-01
-5.217035495462364336e-01
-5.440067670301210745e-01
-5.650699126256329974e-01
-5.737809688613703107e-01
-5.664723329581552447e-01
-5.526629246268218720e-01
-5.466983108663169277e-01
-5.550168266047279531e-01
-5.730591825024010655e-01
-5.927578656172060034e-01
-6.104568243650836390e-01
-6.270927273500146448e-01
-6.444654869665364938e-01
-6.631720877335884889e-01
-6.827560301691804057e-01
-7.025538081815870806e-01
-7.222106340055988172e-01
-7.417066580449003244e-01
-7.611616428347394159e-01
-7.806702656949622288e-01
-8.002509742603072240e-01
-8.198733220006542144e-01
-8.395018354347767442e-01
-8.591197473662298689e-01
-8.787286365334686655e-01
-8.983369689006526215e-01
-9.179504516359129340e-01
-9.375692607186530969e-01
-9.571903682031281946e-01
-9.768109207637466485e-01
-9.964299620079537512e-01
-1.016048148867933598e+00
-1.035666558500369927e+00
-1.055285762309423614e+00
-1.074905644752229827e+00
-1.094525756623279777e+00
-1.114145740832406029e+00
-1.133765520390580983e+00
-1.153385224037871915e+00
-1.173005006553934138e+00
-1.192624925700991767e+00
-1.212244935218310671e+00
-1.231864952817187220e+00
-1.251484928123512308e+00
-1.271104864263349343e+00
-1.290724795370398637e+00
-1.310344751214773007e+00
-1.329964737567586708e+00
-1.349584740053201948e+00
-1.369204740589148761e+00
-1.388824730769764759e+00
-1.408444714036508838e+00
-1.428064698934539800e+00
-1.447684691104543564e+00
-1.467304689990691635e+00
-1.486924691023798095e+00
-1.506544689992717068e+00
-1.526164685839078938e+00
