0.000000000000000000e+00
7.039830092158997425e-08
5.570377544283149905e-07
1.858707378766609674e-06
4.353407534292595797e-06
8.395277535308150841e-06
1.431066593605135915e-05
2.239381832757620082e-05
3.290264616416081094e-05
4.605492919680289211e-05
6.202507775024146972e-05
8.094126593196291611e-05
1.028824248750061308e-04
1.278743862739815669e-04
1.558845294352860175e-04
1.868146885693570134e-04
2.204927694380223052e-04
2.566642988085255381e-04
2.949856842387852556e-04
3.350210337172680351e-04
3.762438935030495524e-04
4.180443606093593332e-04
4.597410249800144236e-04
5.005964116881694110e-04
5.398342118676287965e-04
5.766566243114876417e-04
6.102604595799876203e-04
6.398511208425858125e-04
6.646540303792413144e-04
6.839234338347305276e-04
6.969487573144344389e-04
7.030588239808833106e-04
7.016242832705193219e-04
6.920585966623837328e-04
6.738178840607727789e-04
6.463998822510650397e-04
6.093422128468495421e-04
5.622201078235031582e-04
5.046436988100739748e-04
4.362549423690903288e-04
3.567242269916763727e-04
2.657466874348253993e-04
1.630382371565123982e-04
4.833131884513378941e-05
-7.862963458665038073e-05
-2.180930414838953802e-04
-3.703053320003972526e-04
-5.355164468247082966e-04
-7.139856949522827749e-04
-9.059879926748926147e-04
-1.111820506972384555e-03
-1.331809727294437553e-03
-1.566318990269900289e-03
-1.815756481996048510e-03
-2.080583741872444117e-03
-2.361324689831702326e-03
-2.658575194294516067e-03
-2.973013189712829258e-03
-3.305409337829054266e-03
-3.656638202203209287e-03
-4.027689865666274002e-03
-4.419681856671935603e-03
-4.833871149798327389e-03
-5.271665846971382817e-03
-5.734635895862558695e-03
-6.224521806072078230e-03
-6.743239692900995959e-03
-7.292879963970163616e-03
-7.875695314375732309e-03
-8.494070982393617242e-03
-9.150465702951058461e-03
-9.847304220107570491e-03
-1.058678948640994801e-02
-1.137058157723652013e-02
-1.219925714460175399e-02
-1.307141864306573739e-02
-1.398229406403284948e-02
-1.492178855356678796e-02
-1.587266320117013824e-02
-1.681173751434644065e-02
-1.772033244490176657e-02
-1.860575159702149498e-02
-1.951238895295171263e-02
-2.049577134432898490e-02
-2.158163549802157022e-02
-2.274752346881279974e-02
-2.392619183723975612e-02
-2.502724028451461247e-02
-2.597804842617038035e-02
-2.675025659605618014e-02
-2.735207837482000678e-02
-2.783171923139921705e-02
-2.834915732241836267e-02
-2.915170657986645986e-02
-3.023584808060455001e-02
-3.138113130222655589e-02
-3.227597459762655829e-02
-3.265124333539460438e-02
-3.295638391022615715e-02
-3.402228977319757958e-02
-3.529895893561715847e-02
-3.573527192493030497e-02
-3.607185564855732579e-02
-3.764351997138641603e-02
-3.761093625383006567e-02
-3.750778109174052882e-02
-3.787520270105861758e-02
-3.820646720827832604e-02
-3.896456858304294529e-02
-3.973004410975744527e-02
-3.988193419058377875e-02
-3.945870429629032977e-02
-3.864593513184554074e-02
-3.771338987659565711e-02
-3.635668981546432560e-02
-3.483167901477541434e-02
-3.353040138646314061e-02
-3.190548927051059525e-02
-3.015295232689955973e-02
-2.839239648904520047e-02
-2.667405473545479341e-02
-2.503843336183338500e-02
-2.342039258661909179e-02
-2.181808823446269516e-02
-2.022947305441806856e-02
-1.859657867087646799e-02
-1.686977982432557102e-02
-1.506939277049111278e-02
-1.328018182091890258e-02
-1.158499803639065351e-02
-9.997192404856481904e-03
-8.455641474217684070e-03
-6.875980689700997989e-03
-5.205637358049406901e-03
-3.449327410911554211e-03
-1.662443234002072921e-03
8.053554849473494245e-05
1.729378793575640045e-03
3.287924429954403906e-03
4.807991377238168829e-03
6.353604660675674434e-03
7.964598235674465870e-03
9.641454535204499465e-03
1.135561588568082501e-02
1.307259130125782744e-02
1.476105977418074727e-02
1.640200045491499448e-02
1.803036744906275773e-02
1.972314739052948018e-02
2.150956649509186761e-02
2.334543512987041075e-02
2.518228712399363939e-02
2.701364259330449671e-02
2.885359840745566756e-02
3.070813747004657451e-02
3.257224688867246809e-02
3.443895220740186142e-02
3.630491393214571594e-02
3.817021033448193129e-02
4.003597892202442193e-02
4.190283674830962146e-02
4.377063984698392057e-02
4.563891689934049256e-02
4.750729111854595788e-02
4.937562361648290682e-02
5.124394094824145929e-02
5.311230781904557191e-02
5.498075094951011821e-02
5.684925191173265113e-02
5.871777573461219035e-02
6.058629794905363158e-02
6.245481306842606134e-02
6.432332768173767978e-02
6.619184951808654294e-02
6.806038107933157222e-02
6.992891967657638430e-02
7.179746091713681833e-02
7.366600187346514228e-02
7.553454203385061294e-02
7.740308236113485618e-02
7.927162384850286458e-02
8.114016670169821310e-02
8.300871041195090339e-02
8.487725430464758414e-02
8.674579800747350689e-02
8.861434155338034080e-02
9.048288518351027543e-02
9.235142908910483339e-02
9.421997328417358597e-02
9.608851764522928496e-02
9.795706203131793188e-02
9.982560637543053117e-02
1.016941506957978886e-01
1.035626950469806518e-01
1.054312394642098333e-01
1.072997839408842136e-01
1.091683284433884876e-01
1.110368729406894933e-01
1.129054174234134372e-01
1.147739619023948610e-01
