-0.000000000000000000e+00
-9.669673033342582650e-05
-3.812931615531904182e-04
-8.458124633635289010e-04
-1.482616086332786375e-03
-2.284385320791159149e-03
-3.244097135409791926e-03
-4.354989350717864555e-03
-5.610509122688489211e-03
-7.004238907167256549e-03
-8.529796154552486340e-03
-1.018070734234895192e-02
-1.195026348853302743e-02
-1.383137208662446084e-02
-1.581642758298851259e-02
-1.789722647861903548e-02
-2.006495137232831849e-02
-2.231023957205646724e-02
-2.462333745767025101e-02
-2.699432524550384946e-02
-2.941338312283127074e-02
-3.187106302050927292e-02
-3.435853210457849582e-02
-3.686776287745487102e-02
-3.939165706690926638e-02
-4.192410245773223881e-02
-4.445997083043271708e-02
-4.699507020169883115e-02
-4.952606596146470058e-02
-5.205038433889981608e-02
-5.456610909650108643e-02
-5.707187940836018492e-02
-5.956679413772539983e-02
-6.205032548778104118e-02
-6.452224333526203337e-02
-6.698255042117937097e-02
-6.943142786513673004e-02
-7.186919007854489228e-02
-7.429624797918536749e-02
-7.671307937735177829e-02
-7.912020545543536898e-02
-8.151817235934076533e-02
-8.390753703626621651e-02
-8.628885657380722107e-02
-8.866268041148077372e-02
-9.102954490350616268e-02
-9.338996980970749873e-02
-9.574445638010442572e-02
-9.809348677950596729e-02
-1.004375246731710053e-01
-1.027770168656754329e-01
-1.051123959551785308e-01
-1.074440840373394740e-01
-1.097724975707775052e-01
-1.120980536035957875e-01
-1.144211776637263089e-01
-1.167423137421389479e-01
-1.190619369573825137e-01
-1.213805696964540271e-01
-1.236988023002596748e-01
-1.260173197299048198e-01
-1.283369361530210806e-01
-1.306586400859258423e-01
-1.329836537036533373e-01
-1.353135113129786682e-01
-1.376501639623418372e-01
-1.399961200175987297e-01
-1.423546356773744415e-01
-1.447299754327770749e-01
-1.471277712077369015e-01
-1.495555213160828512e-01
-1.520232871172651767e-01
-1.545446650556936419e-01
-1.571381259396409102e-01
-1.598287893399436554e-01
-1.626505356998893537e-01
-1.656477573548812143e-01
-1.688742861506252468e-01
-1.723829072834046627e-01
-1.761933105262570021e-01
-1.802342737751555235e-01
-1.843109142074913775e-01
-1.881987841730513866e-01
-1.918237470399413724e-01
-1.953226760647760463e-01
-1.989423431458833269e-01
-2.028612345604849931e-01
-2.069766191792466459e-01
-2.109011322021648871e-01
-2.143865294331323557e-01
-2.176683167767269333e-01
-2.213817629709059487e-01
-2.259904170008822655e-01
-2.306246283138273234e-01
-2.347124253894420087e-01
-2.391388118473557201e-01
-2.433366346251397971e-01
-2.470936081443422250e-01
-2.523819506542900326e-01
-2.575013983408663831e-01
-2.626245421040011019e-01
-2.670894850964326550e-01
-2.734075541595054060e-01
-2.800333534590680462e-01
-2.861318735309655303e-01
-2.929086711186787984e-01
-2.978910287319405659e-01
-3.027241795847093186e-01
-3.066323936512224679e-01
-3.101737296014291378e-01
-3.133809854255003580e-01
-3.174911569605721740e-01
-3.224896513678149335e-01
-3.275615816617485354e-01
-3.326760766488978671e-01
-3.376035218511807545e-01
-3.436080063344857938e-01
-3.495606336355971400e-01
-3.549636424516300348e-01
-3.611644615345441789e-01
-3.669148428207856805e-01
-3.721943637585819475e-01
-3.779620538859989054e-01
-3.841384087723844765e-01
-3.900319626921411875e-01
-3.954308033247086462e-01
-4.006358517897051219e-01
-4.060005069249554288e-01
-4.116278245510786582e-01
-4.173520045826562552e-01
-4.229253455668994799e-01
-4.282147708801225527e-01
-4.332637394240591577e-01
-4.382291299956260766e-01
-4.432787303997231532e-01
-4.485093507171291627e-01
-4.539078760354107178e-01
-4.593673695488918463e-01
-4.647550328840265310e-01
-4.699922454070980526e-01
-4.750933638030937489e-01
-4.801497684456338955e-01
-4.852856841941212696e-01
-4.906081561620610487e-01
-4.961555822338347133e-01
-5.018598540955392373e-01
-5.075709821611745776e-01
-5.131672207803150698e-01
-5.186560777380093690e-01
-5.241566407039809361e-01
-5.297950288984657474e-01
-5.356265240600539546e-01
-5.416447373066896054e-01
-5.478324594869473652e-01
-5.541889258014103259e-01
-5.607258290679351109e-01
-5.674548275589631485e-01
-5.743812722954118044e-01
-5.815051906061367015e-01
-5.888248441826300361e-01
-5.963391709585289524e-01
-6.040482778472878733e-01
-6.119528442094424037e-01
-6.200534563536502786e-01
-6.283503428219368026e-01
-6.368434636928659298e-01
-6.455327106691032268e-01
-6.544180358083296900e-01
-6.634994671468424920e-01
-6.727770615575546787e-01
-6.822508585404427617e-01
-6.919208657128901319e-01
-7.017870710481111107e-01
-7.118494617870235741e-01
-7.221080348386625936e-01
-7.325627958338849499e-01
-7.432137525663725652e-01
-7.540609096363040109e-01
-7.651042673471523115e-01
-7.763438238078180786e-01
-7.877795775232779851e-01
-7.994115285605302157e-01
-8.112396781027677584e-01
-8.232640273533523567e-01
-8.354845768045786603e-01
-8.479013262434029752e-01
-8.605142752228370773e-01
-8.733234235104974097e-01
-8.863287712189042988e-01
-8.995303186444187915e-01
-9.129280660299269323e-01
-9.265220134420619758e-01
-9.403121608085048821e-01
-9.542985080351575888e-01
-9.684810550952553942e-01
-9.828598020382169898e-01
-9.974347489390688049e-01
-1.012205895843829806e+00
-1.027173242751147741e+00
-1.042336789632200000e+00
