1.000000000000000056e-01
1.000000000000000056e-01
9.988371920719391062e-02
9.954274739121485305e-02
9.887443179195146148e-02
9.778325533913585776e-02
9.618273033714025422e-02
9.399777632789828308e-02
9.116740985121481178e-02
8.764749668450592945e-02
8.341324529802977839e-02
7.846107400416062194e-02
7.280948549516783053e-02
6.649865037121523159e-02
5.958854366271205266e-02
5.215568266659486446e-02
4.428874335696806469e-02
3.608352999162517394e-02
2.763788088050035674e-02
1.904707770781631504e-02
1.040019129172605958e-02
1.777587576976061290e-03
-6.750401777680589688e-03
-1.512381271341337735e-02
-2.329265070857346534e-02
-3.121604601557764758e-02
-3.886121156725449305e-02
-4.620238985395587472e-02
-5.321990742643101235e-02
-5.989939773403956530e-02
-6.623121052734146086e-02
-7.220999900543724481e-02
-7.783446136002884763e-02
-8.310720768031952532e-02
-8.803472303625907436e-02
-9.262740046043387021e-02
-9.689962183238097493e-02
-1.008698693284307696e-01
-1.045608545984621218e-01
-1.079996569295845893e-01
-1.112178652906224419e-01
-1.142517223464359494e-01
-1.171422713554952921e-01
-1.199355094009907502e-01
-1.226825527418927975e-01
-1.254398222930630802e-01
-1.282692594427364274e-01
-1.312385846892134278e-01
-1.344216140389939140e-01
-1.378986508918259302e-01
-1.417569744141485011e-01
-1.460914493882366216e-01
-1.510052875015982787e-01
-1.566109963794513893e-01
-1.630315608528334070e-01
-1.704019116536110434e-01
-1.788707508265053037e-01
-1.886028218682107571e-01
-1.997817376361162856e-01
-2.126135127826229154e-01
-2.273309932183910642e-01
-2.441994376849404569e-01
-2.635235928537373318e-01
-2.856567235747232703e-01
-3.110122288481311781e-01
-3.400787138347297622e-01
-3.734397315643101511e-01
-4.117999037688377939e-01
-4.560198504169246658e-01
-5.071634053527545039e-01
-5.665621098654523013e-01
-6.359041138660393999e-01
-7.173574524085281068e-01
-8.137408454949617287e-01
-9.287567717214834095e-01
-1.067294780298668533e+00
-1.235777021406109677e+00
-1.442396611450222688e+00
-1.696770963242650421e+00
-2.007879930428395632e+00
-2.378777321241040354e+00
-2.799581620304266938e+00
-3.248596481394258273e+00
-3.707152390763035932e+00
-4.170054156331392647e+00
-4.642177653269451199e+00
-5.130361770358179641e+00
-5.634304552036527802e+00
-6.146719700471748205e+00
-6.674311406710954131e+00
-7.248117393500915995e+00
-7.920736682614256452e+00
-8.754238500422424352e+00
-9.718391347017080406e+00
-1.069908754550422714e+01
-1.170536003477901588e+01
-1.273423760763948387e+01
-1.382823544685646056e+01
-1.509219217559853909e+01
-1.654704278317453969e+01
-1.803105534900949181e+01
-1.954556690968131960e+01
-2.129281947262413510e+01
-2.333710613939700096e+01
-2.548799242045405222e+01
-2.810646349881852757e+01
-3.076502555688190554e+01
-3.343327348727748216e+01
-3.619178102135312258e+01
-3.896439187455348474e+01
-4.179802921828119366e+01
-4.463602097272791269e+01
-4.748900396245900168e+01
-5.034258147870568934e+01
-5.319515538040595715e+01
-5.604265070589377018e+01
-5.888835638459237742e+01
-6.169938398097975352e+01
-6.450096318071949497e+01
-6.718693511783625638e+01
-6.984525368340595719e+01
-7.230057755675227327e+01
-7.466181989658936402e+01
-7.702181463603450595e+01
-7.865591442827400215e+01
-7.805878996735205533e+01
-7.746187061037112187e+01
-7.686495178845584064e+01
-7.626803300246379536e+01
-7.567111422271362642e+01
-7.507419544419143165e+01
-7.447727666587513795e+01
-7.388035788757856892e+01
-7.328343910928160199e+01
-7.268652033098553034e+01
-7.208960155269021186e+01
-7.149268277439466601e+01
-7.089576399609869384e+01
-7.029884521780269324e+01
-6.970192643950703371e+01
-6.910500766121175786e+01
-6.850808888291672361e+01
-6.791117010462177461e+01
-6.731425132632682562e+01
-6.671733254803187663e+01
-6.612041376973692763e+01
-6.552349499144197864e+01
-6.492657621314702965e+01
-6.432965743485208066e+01
-6.373273865655713166e+01
-6.313581987826218977e+01
-6.253890109996726210e+01
-6.194198232167233442e+01
-6.134506354337740675e+01
-6.074814476508247907e+01
-6.015122598678755139e+01
-5.955430720849262372e+01
-5.895738843019769604e+01
-5.836046965190276836e+01
-5.776355087360784069e+01
-5.716663209531291301e+01
-5.656971331701798533e+01
-5.597279453872306476e+01
-5.537587576042814419e+01
-5.477895698213322362e+01
-5.418203820383830305e+01
-5.358511942554338248e+01
-5.298820064724846191e+01
-5.239128186895354133e+01
-5.179436309065862076e+01
-5.119744431236370019e+01
-5.060052553406877962e+01
-5.000360675577385905e+01
-4.940668797747893848e+01
-4.880976919918401791e+01
-4.821285042088909734e+01
-4.761593164259417676e+01
-4.701901286429925619e+01
-4.642209408600433562e+01
-4.582517530770941505e+01
-4.522825652941449448e+01
-4.463133775111957391e+01
-4.403441897282465334e+01
-4.343750019452973277e+01
-4.284058141623481220e+01
-4.224366263793989162e+01
-4.164674385964497105e+01
-4.104982508135005048e+01
-4.045290630305512991e+01
-3.985598752476020934e+01
-3.925906874646528877e+01
-3.866214996817036820e+01
-3.806523118987544763e+01
-3.746831241158052705e+01
-3.687139363328560648e+01
-3.627447485499068591e+01
-3.567755607669576534e+01
-3.508063729840084477e+01
-3.448371852010592420e+01
-3.388679974181100363e+01
