0.000000000000000000e+00
-1.162807928060987338e-02
-3.409718159790537523e-02
-6.683155992633951770e-02
-1.091176452815599690e-01
-1.600525001995609653e-01
-2.184954009241964756e-01
-2.830366476683466304e-01
-3.519913166708887320e-01
-4.234251386476146628e-01
-4.952171293869158109e-01
-5.651588508992795301e-01
-6.310835123952595049e-01
-6.910106708503177542e-01
-7.432860996117188757e-01
-7.866939309626799215e-01
-8.205213365342894916e-01
-8.445649111124815533e-01
-8.590803172684039479e-01
-8.646886416090255878e-01
-8.622603714749997872e-01
-8.527989354656650978e-01
-8.373410935732787941e-01
-8.168837995160088683e-01
-7.923395307004180710e-01
-7.645165551676843529e-01
-7.341178286701380840e-01
-7.017517572475139298e-01
-6.679490307608553223e-01
-6.331812793301895281e-01
-5.978788478095778958e-01
-5.624462354591607260e-01
-5.272746320290677691e-01
-4.927515355939555142e-01
-4.592677424174798628e-01
-4.272221371947105828e-01
-3.970247496049789659e-01
-3.690985270031348908e-01
-3.438802331122460809e-01
-3.218208361037848686e-01
-3.033857055813509729e-01
-2.890549009059338315e-01
-2.793238045495455846e-01
-2.747043340902053932e-01
-2.757269551170283273e-01
-2.829437149673333374e-01
-2.969325246476993696e-01
-3.183029349780473471e-01
-3.477036852832018354e-01
-3.858323522322563703e-01
-4.334474974088117771e-01
-4.913838113361662652e-01
-5.605708877853099459e-01
-6.420564473382007753e-01
-7.370350800777628608e-01
-8.468839172894262468e-01
-9.732071041705447900e-01
-1.117891576790553954e+00
-1.283177514650662099e+00
-1.471748043576815990e+00
-1.686844446654937713e+00
-1.932415516879685269e+00
-2.213313072098592293e+00
-2.535550527340792115e+00
-2.906648498659857083e+00
-3.336101772958040002e+00
-3.836017220452764942e+00
-4.421994664808685194e+00
-5.114355493582978696e+00
-5.939870451269774421e+00
-6.934200400058704972e+00
-8.145333854248873351e+00
-9.638339308643363523e+00
-1.150159262265216853e+01
-1.385380085771852166e+01
-1.684822411074412329e+01
-2.066195900441130462e+01
-2.543743517924277242e+01
-3.111089671857450156e+01
-3.708973908126446872e+01
-4.208042990632266367e+01
-4.490148610899913706e+01
-4.585559093687778187e+01
-4.629017655683563248e+01
-4.721234969380589774e+01
-4.881841170887283710e+01
-5.039427816783481973e+01
-5.124151484352201891e+01
-5.275917062392055357e+01
-5.738059867899617217e+01
-6.726192891133403862e+01
-8.335018178081674023e+01
-9.641528465946555571e+01
-9.806961984871466598e+01
-1.006272489274789450e+02
-1.028877572860467495e+02
-1.093997839216976757e+02
-1.263956728742078610e+02
-1.454850607575999675e+02
-1.484012565834951545e+02
-1.514511560671826373e+02
-1.747252562942813938e+02
-2.044286666772866852e+02
-2.150886281057051974e+02
-2.618471078364474351e+02
-2.658562058063378686e+02
-2.668247930395579033e+02
-2.758507534075642411e+02
-2.772610853200362726e+02
-2.833637343727706366e+02
-2.837991754446719597e+02
-2.852982989731089560e+02
-2.853577516246689356e+02
-2.852573901700264969e+02
-2.847495325487814171e+02
-2.845705678698609518e+02
-2.811027596387373251e+02
-2.801579199739745150e+02
-2.685971937116759705e+02
-2.658318565569701377e+02
-2.455323873346310108e+02
-2.361242339837084216e+02
-2.359994739445136247e+02
-1.634099792239502733e+02
5.971244609219468202e+01
5.969193569809333155e+01
5.969188219152846386e+01
5.969187859920457839e+01
5.969187797501676584e+01
5.969187785221902232e+01
5.969187783162898597e+01
5.969187782965685329e+01
5.969187782969652289e+01
5.969187782960690924e+01
5.969187782953228094e+01
5.969187782955421540e+01
5.969187782959696165e+01
5.969187782959983224e+01
5.969187782956629462e+01
5.969187782952746346e+01
5.969187782950363186e+01
5.969187782949547483e+01
5.969187782949465770e+01
5.969187782949479981e+01
5.969187782949439480e+01
5.969187782949423848e+01
5.969187782949463639e+01
5.969187782949499166e+01
5.969187782949472876e+01
5.969187782949393295e+01
5.969187782949311583e+01
5.969187782949264687e+01
5.969187782949251897e+01
5.969187782949252608e+01
5.969187782949251897e+01
5.969187782949249765e+01
5.969187782949250476e+01
5.969187782949253318e+01
5.969187782949254029e+01
5.969187782949249765e+01
5.969187782949241949e+01
5.969187782949235554e+01
5.969187782949232712e+01
5.969187782949232002e+01
5.969187782949232002e+01
5.969187782949232002e+01
5.969187782949232002e+01
5.969187782949232002e+01
5.969187782949232712e+01
5.969187782949232712e+01
5.969187782949232002e+01
5.969187782949230581e+01
5.969187782949229870e+01
5.969187782949229870e+01
5.969187782949229870e+01
5.969187782949229870e+01
5.969187782949229870e+01
5.969187782949229870e+01
5.969187782949229870e+01
5.969187782949229870e+01
5.969187782949229870e+01
5.969187782949229870e+01
5.969187782949229870e+01
5.969187782949229870e+01
5.969187782949229870e+01
5.969187782949229870e+01
5.969187782949229870e+01
5.969187782949229870e+01
5.969187782949229870e+01
5.969187782949229870e+01
5.969187782949229870e+01
5.969187782949229870e+01
5.969187782949229870e+01
5.969187782949229870e+01
5.969187782949229870e+01
5.969187782949229870e+01
5.969187782949229870e+01
5.969187782949229870e+01
5.969187782949229870e+01
0.000000000000000000e+00
