0.000000000000000000e+00
4.270126067826128134e-05
1.252245982939217896e-04
2.455362333298961777e-04
4.012643084723191661e-04
5.896373986746866400e-04
8.074465581053809956e-04
1.051055011437825905e-03
1.316443813341754230e-03
1.599270454119242719e-03
1.894908053399239076e-03
2.198431787362955907e-03
2.504531610957852397e-03
2.807357288970740040e-03
3.100337231402173349e-03
3.376043080014581345e-03
3.626180922074377037e-03
3.841767016976198497e-03
4.013495081181991421e-03
4.132242807574343715e-03
4.189622530178693099e-03
4.178471669146428813e-03
4.093202786661324401e-03
3.929976233457215321e-03
3.686701598956525130e-03
3.362904051883453156e-03
2.959504005462198356e-03
2.478556525830493979e-03
1.922986731674404884e-03
1.296344850401427501e-03
6.025932950356437112e-04
-1.540702923514089984e-04
-9.693554550057864984e-04
-1.838991087231361130e-03
-2.758812760597324516e-03
-3.724830657289696784e-03
-4.733283023833788697e-03
-5.780679288935348242e-03
-6.863836181835877848e-03
-7.979909445552303693e-03
-9.126423106377753655e-03
-1.030129774687740980e-02
-1.150287882691949058e-02
-1.272996579136610046e-02
-1.398184247740117021e-02
-1.525830917334871674e-02
-1.655971657021608132e-02
-1.788700177484322737e-02
-1.924172650856410816e-02
-2.062611758747757984e-02
-2.204310975939292871e-02
-2.349639094664312047e-02
-2.499044989905809672e-02
-2.653062617884952012e-02
-2.812316225326735863e-02
-2.977525722481414241e-02
-3.149512132838454270e-02
-3.329202968871889518e-02
-3.517637283626995348e-02
-3.715969993377271630e-02
-3.925474827014555773e-02
-4.147544885819866994e-02
-4.383689216558776802e-02
-4.635522887371904682e-02
-4.904746605046567121e-02
-5.193109582008104130e-02
-5.502345573354119890e-02
-5.834065770197999212e-02
-6.189581857236904627e-02
-6.569615110206200592e-02
-6.973818040220466918e-02
-7.399986081054038545e-02
-7.842757998218333193e-02
-8.291489877899374528e-02
-8.726875264553506095e-02
-9.115993706531197449e-02
-9.406673185512244573e-02
-9.527044349789751121e-02
-9.410302653575727816e-02
-9.083830872820160274e-02
-8.810553049209712828e-02
-9.020303415698786853e-02
-9.829746237052504332e-02
-1.087763643841002936e-01
-1.168203539018941306e-01
-1.181035233686435343e-01
-1.099052403991260946e-01
-9.364655465249462074e-02
-7.502445134425511641e-02
-5.865916474567175326e-02
-4.692354765685675944e-02
-4.888530707011753962e-02
-8.112542422027574363e-02
-1.138073062352059628e-01
-1.195462951159779880e-01
-9.823794621466658272e-02
-3.459670076370428837e-02
-1.491316892034135963e-02
-1.041752028558013826e-01
-1.329999186376198406e-01
-1.002947471423767389e-01
3.775407978826927913e-02
-1.304509698089744985e-01
-1.406496252718753837e-01
4.813309913870728041e-01
4.368843393388700536e-01
4.542114445637886466e-01
4.498286711856810394e-01
4.510306054332088865e-01
4.480316150634027217e-01
4.384547717650893461e-01
4.300033475286716977e-01
4.237017974505973283e-01
4.223564134053545138e-01
4.254224384203864062e-01
4.331984068262407783e-01
4.382138873277605096e-01
4.455365319854867057e-01
4.449815896252219960e-01
4.356691261524650582e-01
5.061116347008547400e-01
3.010962290010160691e-01
3.032787267557771060e-01
2.979471301380711146e-01
-2.866925731485033069e+01
-2.866920310303573416e+01
-2.866920290416709349e+01
-2.866920289769528907e+01
-2.866920289726331106e+01
-2.866920289723901405e+01
-2.866920289724210491e+01
-2.866920289724358639e+01
-2.866920289724377824e+01
-2.866920289724373916e+01
-2.866920289724372495e+01
-2.866920289724372495e+01
-2.866920289724371429e+01
-2.866920289724369653e+01
-2.866920289724368232e+01
-2.866920289724367521e+01
-2.866920289724367521e+01
-2.866920289724367521e+01
-2.866920289724367521e+01
-2.866920289724367521e+01
-2.866920289724367521e+01
-2.866920289724367521e+01
-2.866920289724367521e+01
-2.866920289724367521e+01
-2.866920289724367521e+01
-2.866920289724367521e+01
-2.866920289724367521e+01
-2.866920289724367521e+01
-2.866920289724367521e+01
-2.866920289724367521e+01
-2.866920289724367521e+01
-2.866920289724367521e+01
-2.866920289724367521e+01
-2.866920289724367521e+01
-2.866920289724367521e+01
-2.866920289724367521e+01
-2.866920289724367521e+01
-2.866920289724367521e+01
-2.866920289724367521e+01
-2.866920289724367521e+01
-2.866920289724367521e+01
-2.866920289724367521e+01
-2.866920289724367521e+01
-2.866920289724367521e+01
-2.866920289724367521e+01
-2.866920289724367521e+01
-2.866920289724367521e+01
-2.866920289724367521e+01
-2.866920289724367521e+01
-2.866920289724367521e+01
-2.866920289724367521e+01
-2.866920289724367521e+01
-2.866920289724367521e+01
-2.866920289724367521e+01
-2.866920289724367521e+01
-2.866920289724367521e+01
-2.866920289724367521e+01
-2.866920289724367521e+01
-2.866920289724367521e+01
-2.866920289724367521e+01
-2.866920289724367521e+01
-2.866920289724367521e+01
-2.866920289724367521e+01
-2.866920289724367521e+01
-2.866920289724367521e+01
-2.866920289724367521e+01
-2.866920289724367521e+01
-2.866920289724367521e+01
-2.866920289724367521e+01
-2.866920289724367521e+01
-2.866920289724367521e+01
-2.866920289724367521e+01
-2.866920289724367521e+01
-2.866920289724367521e+01
-2.866920289724367521e+01
0.000000000000000000e+00
