-9.810000000000001011e-03
-2.857882343678973952e-02
-4.655193498971656185e-02
-6.376264223917570140e-02
-8.024289604211687355e-02
-9.602224919749724474e-02
-1.111267995307645140e-01
-1.255775075781757899e-01
-1.393879172874044337e-01
-1.525614869933463180e-01
-1.650889703147963017e-01
-1.769465109612654574e-01
-1.880952496675262209e-01
-1.984831852518018636e-01
-2.080497073352993442e-01
-2.167326294976200940e-01
-2.244768309187645250e-01
-2.312430102318098479e-01
-2.370148344475028757e-01
-2.418030684841208922e-01
-2.456460111146717418e-01
-2.486064594347911771e-01
-2.507661482198296765e-01
-2.522189529251595563e-01
-2.530640871521294133e-01
-2.534001974835740634e-01
-2.533208388243798903e-01
-2.529114423542081491e-01
-2.522476348446716643e-01
-2.513946391576959982e-01
-2.504074533171249950e-01
-2.493315322631421416e-01
-2.482037502134638030e-01
-2.470534808789147108e-01
-2.459036858857860941e-01
-2.447719439884836756e-01
-2.436713845386769550e-01
-2.426115097405920629e-01
-2.415989036463755402e-01
-2.406378337519013144e-01
-2.397307552080783777e-01
-2.388787294086827384e-01
-2.380817690121807828e-01
-2.373391209540114954e-01
-2.366494981319461899e-01
-2.360112694658208499e-01
-2.354226171034971282e-01
-2.348816687599443176e-01
-2.343866125897194896e-01
-2.339358016399151474e-01
-2.335278548415332112e-01
-2.331617617098199202e-01
-2.328369984928665148e-01
-2.325536645147247838e-01
-2.323126490268112021e-01
-2.321158411899325591e-01
-2.319663991227065292e-01
-2.318690986551938393e-01
-2.318307890810263616e-01
-2.318609926311451519e-01
-2.319726978125781491e-01
-2.321834159689846189e-01
-2.325165981128680115e-01
-2.330035492680901932e-01
-2.336860362368337884e-01
-2.346198707200664868e-01
-2.358798758338699342e-01
-2.375668276385730915e-01
-2.398172247924906242e-01
-2.428170928053745847e-01
-2.468214466787857220e-01
-2.521813346719828930e-01
-2.593798933013650720e-01
-2.690754277359074798e-01
-2.821369502945197394e-01
-2.996189353959963220e-01
-3.225175505222624417e-01
-3.509209023761006296e-01
-3.819088612874978472e-01
-4.064089074965818726e-01
-4.102341243059644538e-01
-3.887287467124409535e-01
-3.600682833519021075e-01
-3.474918965045145636e-01
-3.607607824631554050e-01
-3.930761522537081221e-01
-4.151675961802152037e-01
-3.916637635158110031e-01
-3.411279264391122723e-01
-3.205837776258069205e-01
-3.626324297637826821e-01
-4.605497056311577686e-01
-4.639211480760532247e-01
-3.791440932508753914e-01
-4.241229046664796720e-01
-4.126858240672491851e-01
-3.146627212021122499e-01
-4.435189051652164149e-01
-4.475953589917553987e-01
-4.235369190975833420e-01
-3.906093249024776282e-01
-4.636045232519874215e-01
-5.469684073122242918e-01
-7.816706602842660168e-01
-4.037842311619891378e-01
-3.502685630440552922e-01
-3.252508879896667815e-01
-3.694974806101515852e-01
-3.986708196170898333e-01
-4.268105787630920855e-01
-4.333889943021616009e-01
-4.288169481537502103e-01
-4.156059967490931539e-01
-3.995263690615338814e-01
-3.855122400020131179e-01
-3.774106382220070999e-01
-3.834227625477498735e-01
-4.001130125849988173e-01
-4.602787102367481564e-01
-4.971890568850055314e-01
-5.376340318798032980e-01
-1.851844417845935342e-01
-2.007075730327821106e-01
-1.769834439098755707e+00
1.794611559722060434e+01
1.792650743559632787e+01
1.790688761807411211e+01
1.788726761954597677e+01
1.786764761932056444e+01
1.784802761926813375e+01
1.782840761926038198e+01
1.780878761925981024e+01
1.778916761925984602e+01
1.776954761925982851e+01
1.774992761925981455e+01
1.773030761925981835e+01
1.771068761925982571e+01
1.769106761925982596e+01
1.767144761925981911e+01
1.765182761925981225e+01
1.763220761925980895e+01
1.761258761925980920e+01
1.759296761925980945e+01
1.757334761925980970e+01
1.755372761925980996e+01
1.753410761925981021e+01
1.751448761925981046e+01
1.749486761925981071e+01
1.747524761925981096e+01
1.745562761925981121e+01
1.743600761925981146e+01
1.741638761925981171e+01
1.739676761925981197e+01
1.737714761925981222e+01
1.735752761925981247e+01
1.733790761925981272e+01
1.731828761925981297e+01
1.729866761925981322e+01
1.727904761925981347e+01
1.725942761925981372e+01
1.723980761925981398e+01
1.722018761925981423e+01
1.720056761925981448e+01
1.718094761925981473e+01
1.716132761925981498e+01
1.714170761925981523e+01
1.712208761925981548e+01
1.710246761925981573e+01
1.708284761925981599e+01
1.706322761925981624e+01
1.704360761925981649e+01
1.702398761925981674e+01
1.700436761925981699e+01
1.698474761925981724e+01
1.696512761925981749e+01
1.694550761925981774e+01
1.692588761925981800e+01
1.690626761925981825e+01
1.688664761925981850e+01
1.686702761925981875e+01
1.684740761925981900e+01
1.682778761925981925e+01
1.680816761925981950e+01
1.678854761925981975e+01
1.676892761925982001e+01
1.674930761925982026e+01
1.672968761925982051e+01
1.671006761925982076e+01
1.669044761925982101e+01
1.667082761925982126e+01
1.665120761925982151e+01
1.663158761925982176e+01
1.661196761925982202e+01
1.659234761925982227e+01
1.657272761925982252e+01
1.655310761925982277e+01
1.653348761925982302e+01
1.651386761925982327e+01
1.649424761925982352e+01
0.000000000000000000e+00
