0.000000000000000000e+00
0.000000000000000000e+00
4.270126067826127964e-07
1.679258589721830658e-06
4.134620923020792079e-06
8.147264007743984079e-06
1.404363799449084973e-05
2.211810357554465996e-05
3.262865368992291765e-05
4.579309182334046239e-05
6.178579636453289013e-05
8.073487689852528577e-05
1.027191947721548427e-04
1.277645108817333666e-04
1.558380837714407605e-04
1.868414560854625103e-04
2.206018868856083129e-04
2.568636961063521093e-04
2.952813662761140877e-04
3.354163170879339824e-04
3.767387451636774499e-04
4.186349704654643679e-04
4.604196871569286864e-04
5.013517150235419261e-04
5.406514773581140403e-04
5.775184933476792872e-04
6.111475338665138578e-04
6.407425739211357937e-04
6.655281391794407335e-04
6.847580064961848213e-04
6.977214550001990812e-04
7.037473879505554792e-04
7.022066850270414174e-04
6.925131304769835622e-04
6.741232196046699487e-04
6.465350919986966949e-04
6.092867854257997097e-04
5.619539551874618054e-04
5.041471622981083664e-04
4.355088004797495749e-04
3.557097060242265553e-04
2.644454749604489884e-04
1.614324974916748990e-04
4.640370922247998887e-05
-8.089594869118102330e-05
-2.207143734651927189e-04
-3.732974651986798982e-04
-5.388946309008407331e-04
-7.177646486492730415e-04
-9.101819137349141534e-04
-1.116443089609689843e-03
-1.336874187203619191e-03
-1.571838096670050318e-03
-1.821742595660631389e-03
-2.087048857449126660e-03
-2.368280479981800350e-03
-2.666033052229941670e-03
-2.980984265513787063e-03
-3.313904562400975945e-03
-3.665668290763675688e-03
-4.037265290101402920e-03
-4.429812772802858151e-03
-4.844567261384844468e-03
-5.282936183040721698e-03
-5.746488471777911992e-03
-6.236963132282568462e-03
-6.756274090483379083e-03
-7.306508647818791419e-03
-7.889915224838591271e-03
-8.508873410562282219e-03
-9.165834921582901446e-03
-9.863216725604948693e-03
-1.060321533371035192e-02
-1.138749113353218489e-02
-1.221664012132212158e-02
-1.308932764777747185e-02
-1.400092701843059194e-02
-1.494159433698181647e-02
-1.589429877196079158e-02
-1.683532903731836325e-02
-1.774371212460038039e-02
-1.862476742952135292e-02
-1.952679777109123105e-02
-2.050977239479648273e-02
-2.159753603863748608e-02
-2.276573957765642628e-02
-2.394677481134286148e-02
-2.504582721533412173e-02
-2.598229276185906947e-02
-2.673253727530162244e-02
-2.731912892275834004e-02
-2.778836439932690777e-02
-2.827721747002808275e-02
-2.908847171223084144e-02
-3.022654477458290231e-02
-3.142200772574268303e-02
-3.240438718788934969e-02
-3.275035419552639604e-02
-3.289948588472980939e-02
-3.394123791328782641e-02
-3.527123709966402398e-02
-3.627418457108778915e-02
-3.589664377320509608e-02
-3.720115347129484412e-02
-3.860764972401359990e-02
-3.379433981014286908e-02
-2.942549641675416827e-02
-2.488338197111628070e-02
-2.038509525925947044e-02
-1.587478920492738088e-02
-1.139447305429335325e-02
-7.009925336642459752e-03
-2.709891861355742670e-03
1.527126113150230682e-03
5.750690247203775821e-03
1.000491463140763988e-02
1.433689869967004829e-02
1.871903757294765547e-02
2.317440289280252308e-02
2.762421878905474415e-02
3.198091005057939612e-02
3.704202639758794047e-02
4.005298868759810116e-02
4.308577595515587083e-02
4.606524725653658031e-02
-2.406273258919667535e-01
-5.273193569223241228e-01
-8.140113859639950267e-01
-1.100703414940948033e+00
-1.387395443913581161e+00
-1.674087472885971373e+00
-1.960779501858392448e+00
-2.247471530830828179e+00
-2.534163559803265908e+00
-2.820855588775703193e+00
-3.107547617748140478e+00
-3.394239646720577763e+00
-3.680931675693015048e+00
-3.967623704665451889e+00
-4.254315733637888286e+00
-4.541007762610324683e+00
-4.827699791582761080e+00
-5.114391820555197476e+00
-5.401083849527633873e+00
-5.687775878500070270e+00
-5.974467907472506667e+00
-6.261159936444943064e+00
-6.547851965417379461e+00
-6.834543994389815857e+00
-7.121236023362252254e+00
-7.407928052334688651e+00
-7.694620081307125048e+00
-7.981312110279561445e+00
-8.268004139251997842e+00
-8.554696168224435127e+00
-8.841388197196872412e+00
-9.128080226169309697e+00
-9.414772255141746982e+00
-9.701464284114184267e+00
-9.988156313086621552e+00
-1.027484834205905884e+01
-1.056154037103149612e+01
-1.084823240000393341e+01
-1.113492442897637069e+01
-1.142161645794880798e+01
-1.170830848692124526e+01
-1.199500051589368255e+01
-1.228169254486611983e+01
-1.256838457383855712e+01
-1.285507660281099440e+01
-1.314176863178343169e+01
-1.342846066075586897e+01
-1.371515268972830626e+01
-1.400184471870074354e+01
-1.428853674767318083e+01
-1.457522877664561811e+01
-1.486192080561805540e+01
-1.514861283459049268e+01
-1.543530486356292997e+01
-1.572199689253536725e+01
-1.600868892150780454e+01
-1.629538095048024005e+01
-1.658207297945267555e+01
-1.686876500842511106e+01
-1.715545703739754657e+01
-1.744214906636998208e+01
-1.772884109534241759e+01
-1.801553312431485310e+01
-1.830222515328728861e+01
-1.858891718225972411e+01
-1.887560921123215962e+01
-1.916230124020459513e+01
-1.944899326917703064e+01
-1.973568529814946615e+01
-2.002237732712190166e+01
-2.030906935609433717e+01
-2.059576138506677268e+01
-2.088245341403920818e+01
-2.116914544301164369e+01
-2.145583747198407920e+01
