-0.000000000000000000e+00
-9.810000000000001282e-05
-3.838882343678974118e-04
-8.494075842650630282e-04
-1.487034006656819986e-03
-2.289462967077988791e-03
-3.249685459052960995e-03
-4.360953454360606309e-03
-5.616728530142364555e-03
-7.010607703016409273e-03
-8.536222572949872869e-03
-1.018711227609783547e-02
-1.195657738571049081e-02
-1.383752988238575246e-02
-1.582236173490376985e-02
-1.790285880825676426e-02
-2.007018510323296465e-02
-2.231495341242061003e-02
-2.462738351473870921e-02
-2.699753185921373658e-02
-2.941556254405494619e-02
-3.187202265520166361e-02
-3.435808724954957788e-02
-3.686574873174787437e-02
-3.938793826099946938e-02
-4.191857913252076268e-02
-4.445258110735650359e-02
-4.698578949560030388e-02
-4.951490391914238620e-02
-5.203738026758910479e-02
-5.455132665916606616e-02
-5.705540119233731833e-02
-5.954871651496874280e-02
-6.203075401710338166e-02
-6.450128882589252488e-02
-6.696032568475038249e-02
-6.940804512463522036e-02
-7.184475897002198796e-02
-7.427087406742791109e-02
-7.668686310389166705e-02
-7.909324144141068047e-02
-8.149054899349146563e-02
-8.387933628757829330e-02
-8.626015397770010751e-02
-8.863354518724021747e-02
-9.100004016855968436e-02
-9.336015286321788786e-02
-9.571437903425285276e-02
-9.806319572185229205e-02
-1.004070618477494875e-01
-1.027464198641486331e-01
-1.050816984125639703e-01
-1.074133160296621703e-01
-1.097416860145908335e-01
-1.120672226597380777e-01
-1.143903491500061903e-01
-1.167115075619055142e-01
-1.190311715531325865e-01
-1.213498625396845221e-01
-1.236681704304947865e-01
-1.259867803568062439e-01
-1.283065073349320129e-01
-1.306283414946218524e-01
-1.329535074757505209e-01
-1.352835429684314250e-01
-1.376204033307997510e-01
-1.399666020380004039e-01
-1.423254007963390966e-01
-1.447010690727248139e-01
-1.470992413206497207e-01
-1.495274122487034729e-01
-1.519956267154913276e-01
-1.545174400622111588e-01
-1.571112389952248056e-01
-1.598019932725838754e-01
-1.626233627755290789e-01
-1.656195521294890338e-01
-1.688447276347116444e-01
-1.723539366584726507e-01
-1.761730252713476219e-01
-1.802371143463134540e-01
-1.843394555893730913e-01
-1.882267430564975030e-01
-1.918274258900165286e-01
-1.953023448550616770e-01
-1.989099526796932194e-01
-2.028407142022302934e-01
-2.069923901640324526e-01
-2.109090277991905737e-01
-2.143203070635816831e-01
-2.175261448398397579e-01
-2.211524691374775753e-01
-2.257579661937891558e-01
-2.303971776745496747e-01
-2.341886186070584186e-01
-2.384298476537232148e-01
-2.425567058943957077e-01
-2.457033331064168435e-01
-2.501385221580690321e-01
-2.546144757479865683e-01
-2.588498449389624034e-01
-2.627559381879872036e-01
-2.673919834205070734e-01
-2.728616674936293340e-01
-2.806783740964720053e-01
-2.847162164080919156e-01
-2.882189020385324540e-01
-2.914714109184290969e-01
-2.951663857245306333e-01
-2.991530939207015516e-01
-3.034211997083324786e-01
-3.077550896513541190e-01
-3.120432591328916039e-01
-3.161993191003825143e-01
-3.201945827909978282e-01
-3.240497051910179449e-01
-3.278238115732380331e-01
-3.316580391987155041e-01
-3.356591693245654651e-01
-3.402619564269329655e-01
-3.452338469957830225e-01
-3.506101873145810455e-01
-3.524620317324269614e-01
-3.544691074627547844e-01
-3.721674518537423371e-01
-1.927062958815362881e-01
-1.344122152557300498e-02
1.656276546551681272e-01
3.445003308506279227e-01
5.231768070438336249e-01
7.016570832365149890e-01
8.799411594291188798e-01
1.058029035621717018e+00
1.235920711814315398e+00
1.413616188006913799e+00
1.591115464199511997e+00
1.768418540392110216e+00
1.945525416584708456e+00
2.122436092777306715e+00
2.299150568969904995e+00
2.475668845162503295e+00
2.651990921355101172e+00
2.828116797547699068e+00
3.004046473740296985e+00
3.179779949932894922e+00
3.355317226125492880e+00
3.530658302318090858e+00
3.705803178510688856e+00
3.880751854703286874e+00
4.055504330895884912e+00
4.230060607088483415e+00
4.404420683281081494e+00
4.578584559473680038e+00
4.752552235666278158e+00
4.926323711858875853e+00
5.099898988051474014e+00
5.273278064244071750e+00
5.446460940436669951e+00
5.619447616629267728e+00
5.792238092821865969e+00
5.964832369014463787e+00
6.137230445207062068e+00
6.309432321399659926e+00
6.481437997592258249e+00
6.653247473784856147e+00
6.824860749977454510e+00
6.996277826170052450e+00
7.167498702362650853e+00
7.338523378555248833e+00
7.509351854747847277e+00
7.679984130940445297e+00
7.850420207133043782e+00
8.020660083325642731e+00
8.190703759518241256e+00
8.360551235710840245e+00
8.530202511903437923e+00
8.699657588096036065e+00
8.868916464288634671e+00
9.037979140481233742e+00
9.206845616673831501e+00
9.375515892866429724e+00
9.543989969059028411e+00
9.712267845251625786e+00
9.880349521444223626e+00
1.004823499763682193e+01
1.021592427382942070e+01
1.038341735002201816e+01
1.055071422621461608e+01
1.071781490240721446e+01
1.088471937859981331e+01
1.105142765479241085e+01
1.121793973098500885e+01
1.138425560717760732e+01
1.155037528337020625e+01
1.171629875956280387e+01
1.188202603575540195e+01
1.204755711194800050e+01
1.221289198814059951e+01
1.237803066433319721e+01
1.254297314052579537e+01
