1.000000000000000056e-01
9.808298706402454603e-02
8.525927123065457636e-02
5.418958687677162545e-02
6.570764218404134827e-03
-4.285842646741448020e-02
-7.023907607794113717e-02
-5.703313708592494535e-02
-7.487058946010302640e-03
4.649171289536038754e-02
6.460884996520795120e-02
3.126420824813722077e-02
-2.728105171805917523e-02
-6.224344808469906010e-02
-4.452384141652107608e-02
1.016279040845494142e-02
5.655651233587623283e-02
5.922554886089660686e-02
1.863881585674218022e-02
-3.480728969027593878e-02
-6.675058975445311016e-02
-6.098798841596640014e-02
-2.407510540204091387e-02
2.405409819355280865e-02
6.298705003554425086e-02
8.033699333602072057e-02
7.362301757133214719e-02
4.777318452605519572e-02
1.133670649693700738e-02
-2.675671248825950421e-02
-5.925028268731489384e-02
-8.145567136285222776e-02
-9.131628869270733140e-02
-8.900000059815603437e-02
-7.628612402583079266e-02
-5.590972711474460899e-02
-3.096736205869063396e-02
-4.453361096907151873e-03
2.104063590484418073e-02
4.346970497446182857e-02
6.135937350648042188e-02
7.375588269131125307e-02
8.014427119590968041e-02
8.036244293322314380e-02
7.452616938656364542e-02
6.297021547235039096e-02
4.620468571540255198e-02
2.488199876644181172e-02
-2.327083577479474585e-04
-2.829714044866007625e-02
-5.844441359733879016e-02
-8.986408735027262562e-02
-1.219216111118303913e-01
-1.543229811569062915e-01
-1.873287686252798345e-01
-2.220244418205170878e-01
-2.606703212843469175e-01
-3.071981025543163990e-01
-3.680176782815519076e-01
-4.535085258889581250e-01
-5.810449894958187311e-01
-7.814726330777306273e-01
-1.112678891649936608e+00
-1.678568423999275971e+00
-2.580775627403953276e+00
-3.701187657020293287e+00
-4.878976818192884757e+00
-6.127468138317727409e+00
-7.527761662222986594e+00
-9.514865975869076564e+00
-1.180743639807685952e+01
-1.430499922286773185e+01
-1.734242576980279082e+01
-2.056537256564454097e+01
-2.431253077030658361e+01
-2.855224857201363164e+01
-3.327656476607139524e+01
-3.863620412618486455e+01
-4.455753408623235856e+01
-5.085474662648447008e+01
-5.758237174103408051e+01
-6.509359048550140869e+01
-7.370584622163609367e+01
-8.303438936084256738e+01
-9.415393190734621953e+01
-1.059261917776366602e+02
-1.180116373766531979e+02
-1.306355610279207440e+02
-1.438154873785133532e+02
-1.573609681061446111e+02
-1.727365671317129170e+02
-1.897631540214542554e+02
-2.086096313369107236e+02
-2.290124011051713637e+02
-2.519829901053428500e+02
-2.789879821475286121e+02
-3.090225347419885225e+02
-3.410994596131840808e+02
-3.762156524166140343e+02
-4.127893542270361991e+02
-4.503306701306895548e+02
-4.887891967492153071e+02
-5.281795254929919565e+02
-5.710042863114325655e+02
-6.170960479096801237e+02
-6.676080842545757150e+02
-7.221772863766694854e+02
-7.798609087150715595e+02
-8.433764712753099957e+02
-9.111247743135523933e+02
-9.807347416848758712e+02
-1.052672614915190479e+03
-1.128028105668015769e+03
-1.206920623873797922e+03
-1.288714228991782420e+03
-1.372965249045971404e+03
-1.461394183315897635e+03
-1.553255113649146551e+03
-1.650010608659831860e+03
-1.750126137208715591e+03
-1.851009471349517071e+03
-1.952745029942510882e+03
-2.055876827211755426e+03
-2.162947386024300158e+03
-2.274608657277739439e+03
-2.392461890176936777e+03
-2.515431136829539355e+03
-2.644059606990970678e+03
-2.779195895929327889e+03
-2.920922357416820887e+03
-3.069170865603660786e+03
-3.221637257137511824e+03
-3.384867521468705490e+03
-3.561518136200405479e+03
-3.749973620524275248e+03
-3.952484198630045285e+03
-4.168204790514220804e+03
-4.391299575103983443e+03
-4.618891270881442324e+03
-4.861871640583892258e+03
-5.115271092956997563e+03
-5.383046535303335077e+03
-5.658934428116167510e+03
-5.936596288752266446e+03
-6.214384511098532130e+03
-6.491457035668650860e+03
-6.766247227734977059e+03
-7.037824991218621108e+03
-7.307925049246175149e+03
-7.575474485941187595e+03
-7.841743201992696413e+03
-8.108418271800668663e+03
-8.375071245489125431e+03
-8.641760382758904598e+03
-8.908457209022542884e+03
-9.175160537151679819e+03
-9.441868100209472686e+03
-9.708576710454106433e+03
-9.975287039791195639e+03
-1.024199737061859560e+04
-1.050870838901260322e+04
-1.077541934792828397e+04
-1.104213060216763552e+04
-1.130884187198239852e+04
-1.157555327041212877e+04
-1.184226471930453226e+04
-1.210897621533466008e+04
-1.237568775881898910e+04
-1.264239931169585179e+04
-1.290911089726794671e+04
-1.317582248024056025e+04
-1.344253408293816028e+04
-1.370924568342702696e+04
-1.397595729498625587e+04
-1.424266890781138682e+04
-1.450938052617446920e+04
-1.477609214799068104e+04
-1.504280377183478049e+04
-1.530951539934427819e+04
-1.557622702697256682e+04
-1.584293865739937428e+04
-1.610965028736029126e+04
-1.637636191910349953e+04
-1.664307355063212890e+04
-1.690978518317565977e+04
-1.717649681599013275e+04
-1.744320844929952000e+04
-1.770992008317422005e+04
-1.797663171718802550e+04
-1.824334335177093453e+04
-1.851005498628986970e+04
-1.877676662122054404e+04
-1.904347825605063190e+04
-1.931018989112826603e+04
-1.957690152618932552e+04
-1.984361316138615803e+04
-2.011032479667124062e+04
-2.037703643201662635e+04
-2.064374806749774143e+04
-2.091045970298154498e+04
