0.000000000000000000e+00
-5.676457605082048108e-01
-2.124667139017439865e+00
-4.065922040186397801e+00
-5.211921387229493163e+00
-4.270997502341505658e+00
-8.946803535561032028e-01
3.454199558170716333e+00
5.901920753913204365e+00
4.213489895996560541e+00
-8.229827537678247040e-01
-5.357571814938485666e+00
-5.507655332713938812e+00
-1.027376288894995326e+00
4.245513357241420316e+00
5.892955065638961543e+00
2.807820617290285092e+00
-2.216654444357133436e+00
-5.352406852472175736e+00
-4.756133699755206834e+00
-1.383140208128391890e+00
2.400273553315506181e+00
4.634048314483740327e+00
4.649012680001809450e+00
2.937537504897055118e+00
4.995860682757342630e-01
-1.753892008196693997e+00
-3.270295729237275850e+00
-3.867367214225506444e+00
-3.631111688407542726e+00
-2.790878199135716553e+00
-1.617412483693867919e+00
-3.587817185128303610e-01
7.914168279319426791e-01
1.705119297470983009e+00
2.318189928917642195e+00
2.620271681792076812e+00
2.639421652676210428e+00
2.425500173944302507e+00
2.035989955876631452e+00
1.526292377578950532e+00
9.446344096051673134e-01
3.304995024082031385e-01
-2.848291257113776398e-01
-8.767863826717107179e-01
-1.425881826973191435e+00
-1.916358516628851927e+00
-2.335450956961585334e+00
-2.673477975558582909e+00
-2.924971241846430647e+00
-3.090956511166729648e+00
-3.182339986724310066e+00
-3.224150148071696531e+00
-3.260288984058461015e+00
-3.358692261293296344e+00
-3.617687726556768180e+00
-4.176264018604744166e+00
-5.234668864717575865e+00
-7.099230046023674134e+00
-1.028201566716708015e+01
-1.572533187169414504e+01
-2.530043827442692006e+01
-4.269632509713672164e+01
-7.261481116640612754e+01
-1.056268164335257893e+02
-1.150708665173541050e+02
-1.216357477639065223e+02
-1.276763727982641967e+02
-1.636245850913966819e+02
-2.232417486324987408e+02
-2.346062395047709970e+02
-2.813019481519959868e+02
-3.112502135341859457e+02
-3.507952502078117050e+02
-3.798912339047724913e+02
-4.676980115951752168e+02
-5.011976011851285762e+02
-5.635769548930277324e+02
-6.087220524244301032e+02
-6.484627574448782070e+02
-7.068614833893552714e+02
-8.021532835115710895e+02
-8.932339886999442342e+02
-1.013808289916028798e+03
-1.164648371236861294e+03
-1.188272548772753453e+03
-1.233131012957521762e+03
-1.292149963647927962e+03
-1.338372184240291062e+03
-1.388402121424773668e+03
-1.673038798583982498e+03
-1.792565832065333552e+03
-1.942490129726598070e+03
-2.120138146720596069e+03
-2.506041084493047038e+03
-2.926930322729095678e+03
-3.098724875837886430e+03
-3.312026003328437127e+03
-3.614065537277794647e+03
-3.710612580350829376e+03
-3.794264485038818748e+03
-3.902703644137110132e+03
-3.995493644041231164e+03
-4.570745874200069011e+03
-4.773430441001461986e+03
-5.203371025532958811e+03
-5.578748308802872998e+03
-6.097281414978574503e+03
-6.518037382242003332e+03
-6.897222374844685874e+03
-7.084953845104707398e+03
-7.259909679631967265e+03
-7.824264359339469593e+03
-8.039331279777706186e+03
-8.292819893992955258e+03
-8.533849022339223666e+03
-9.152020972519025236e+03
-9.382296629566060801e+03
-9.975184742276482211e+03
-1.004882050520893790e+04
-1.012398878620357027e+04
-1.024098306001588026e+04
-1.049287385479921249e+04
-1.075884499099589448e+04
-1.142469997350088852e+04
-1.214298339041672261e+04
-1.243170224314367624e+04
-1.334997718887382143e+04
-1.366275211360584217e+04
-1.474878765858415863e+04
-1.498826146403454004e+04
-1.561785352011110626e+04
-1.709506911482252690e+04
-1.822733041409452198e+04
-1.946352129049432551e+04
-2.118499414470777992e+04
-2.176715918354890891e+04
-2.251154372288396553e+04
-2.300779230129726420e+04
-2.537372886772136553e+04
-2.571252167300135989e+04
-2.743749445777873188e+04
-2.768305926008879760e+04
-2.780869929325482008e+04
-2.776366361847379812e+04
-2.761474756816776426e+04
-2.733130390487527620e+04
-2.707195531528332867e+04
-2.686827181799939717e+04
-2.661081859709049604e+04
-2.665806846906749342e+04
-2.666591385242319666e+04
-2.666656781713325472e+04
-2.666990143879145035e+04
-2.666974624466247406e+04
-2.667080036487835969e+04
-2.667072050854283225e+04
-2.667102630306659194e+04
-2.667100734709631797e+04
-2.667108345286103577e+04
-2.667109557143953134e+04
-2.667110895111074933e+04
-2.667112980457138474e+04
-2.667112921402375287e+04
-2.667114660719629319e+04
-2.667114431009549662e+04
-2.667115477123584424e+04
-2.667115337637958874e+04
-2.667115813932850870e+04
-2.667115798316794098e+04
-2.667115948101502363e+04
-2.667116024112049854e+04
-2.667116036623646141e+04
-2.667116149833596864e+04
-2.667116126078260640e+04
-2.667116228643526847e+04
-2.667116207675468468e+04
-2.667116274954097753e+04
-2.667116266413753692e+04
-2.667116297345825296e+04
-2.667116300756223063e+04
-2.667116307587146730e+04
-2.667116319343078430e+04
-2.667116315968812705e+04
-2.667116331015477772e+04
-2.667116326338492945e+04
-2.667116339565231101e+04
-2.667116336898754162e+04
-2.667116345115807417e+04
-2.667116344733058213e+04
-2.667116347730112466e+04
-2.667116349141132014e+04
-2.667116348874956748e+04
-2.667116351501901590e+04
-2.667116350253223573e+04
-2.667116353269590763e+04
-2.667116352346680287e+04
-2.667116354785477597e+04
-2.667116354464047254e+04
-2.667116355730383293e+04
