0.000000000000000000e+00
2.084561564042405088e-05
7.802676848882162514e-05
1.493484034573109567e-04
1.915221887600917453e-04
1.568858520350187107e-04
3.182842975194032694e-05
-1.307092699037659613e-04
-2.233515568139206515e-04
-1.573004189817315537e-04
4.510842109713435102e-05
2.349751197653478457e-04
2.405341858380185421e-04
2.509708274804495491e-05
-2.505346478724549677e-04
-3.439256039139044780e-04
-1.375559884482494455e-04
2.428522670316512924e-04
5.151186654549109664e-04
4.499545434714290692e-04
4.006499863688648333e-05
-5.000092624026285324e-04
-8.754960928248835435e-04
-8.734223110149311490e-04
-4.573453417768375776e-04
2.426414540898056164e-04
1.009488155083366513e-03
1.624483629152449673e-03
1.927194679586456032e-03
1.844954308100829349e-03
1.393065313013393388e-03
6.534146470179170562e-04
-2.551940108744871118e-04
-1.204015427553214741e-03
-2.074319255014524070e-03
-2.770488734813579112e-03
-3.227355380907297785e-03
-3.412430169794303334e-03
-3.323726348172035411e-03
-2.984471065471059822e-03
-2.436429996031701933e-03
-1.733391045802856441e-03
-9.357343008647087124e-04
-1.063474467483099123e-04
6.923085212836798362e-04
1.400365418599911448e-03
1.962313249630070339e-03
2.328604667678492966e-03
2.457164735566153956e-03
2.314694533878763200e-03
1.877504886704217755e-03
1.131516484087721243e-03
7.103766152727949285e-05
-1.304013251494704319e-03
-2.992661477805046155e-03
-4.999301207799965868e-03
-7.341970103601797026e-03
-1.006220452106616932e-02
-1.323520439473026972e-02
-1.697488012784206107e-02
-2.141175914648282136e-02
-2.655607430821779746e-02
-3.172076324870989200e-02
-3.385444647381039701e-02
-2.915766852392802713e-02
-2.911639799177062615e-02
-3.291197913206442976e-02
-2.771117706431972666e-02
-3.157852937019846318e-02
-2.841816238075580564e-02
-3.042199547155637410e-02
-3.216695042223365053e-02
-3.328547139659925741e-02
-3.334554124472179776e-02
-3.580160455445643986e-02
-3.948915356142876365e-02
-3.522123047701644638e-02
-3.718407306624664510e-02
-4.409916944093104918e-02
-5.095763991210817967e-02
-5.833929810139121264e-02
-5.749175012794048578e-02
-5.893117404232830342e-02
-5.700917987608249138e-02
-5.863500098451975701e-02
-5.186417093569268416e-02
-4.601137602456115139e-02
-4.289352485222487632e-02
-3.525694941187734743e-02
-3.003167325835166823e-02
-3.447153790354189062e-02
-2.991846091935235902e-02
-3.264764978858757799e-02
-2.957115746191115932e-02
-3.345374971007955556e-02
-3.586797356470418363e-02
-3.325088345823110775e-02
-3.487355320881901921e-02
-3.439781547801829681e-02
-3.226784574416795975e-02
-4.155247930908252674e-02
-4.585750239131140826e-02
-3.658728783697907938e-02
-3.536494569540227229e-02
-3.915793395011361866e-02
-3.461434504879607604e-02
-3.253374595144487014e-02
-2.888318188150909571e-02
-2.417599453719711244e-02
-2.123821262922576114e-02
-2.688166086881859165e-02
-2.440990507714358923e-02
-2.544495145513840650e-02
-2.479869170102439943e-02
-2.890805796698211333e-02
-2.674423876020771279e-02
-2.666890135178739615e-02
-2.008206033876749549e-02
-2.236214188231061897e-02
-3.654223099903848582e-02
-4.978231549256774413e-02
-5.745356937229327554e-02
-4.707516127638767395e-02
-4.544156084686477165e-02
-4.563230472536535659e-02
-3.954880378012508996e-02
-5.194434482063135794e-02
-5.669226631775113601e-02
-7.115706565073709466e-02
-7.257498868536581271e-02
-8.504993906927239833e-02
-1.020394722851576952e-01
-9.094106507051086252e-02
-1.182282367197967643e-01
-1.515214995278555687e-01
-2.119591443182555768e-01
-1.930482041516388136e-01
-2.485461066095029092e-01
-1.748406647118207480e-01
-3.273746571877048095e-01
1.022456563647388572e+00
1.054452333816252363e+00
1.045160385995141938e+00
1.042124309558795758e+00
1.046116186071469611e+00
1.045079945232868512e+00
1.057645743251460102e+00
1.027622921195490147e+00
1.041680601328554001e+00
1.091991325663139056e+00
1.097387752934304794e+00
1.094297178847865926e+00
1.094605126623055424e+00
1.094244004225293665e+00
1.094260930314949976e+00
1.094217319479804607e+00
1.094214284891756650e+00
1.094212064086578007e+00
1.094208199681432347e+00
1.094209666270654191e+00
1.094207035334941347e+00
1.094207845223815978e+00
1.094206488092079876e+00
1.094206764456440606e+00
1.094206244573090459e+00
1.094206301091692479e+00
1.094206183923686293e+00
1.094206157990428530e+00
1.094206175106023915e+00
1.094206123600870217e+00
1.094206159080472585e+00
1.094206111783435853e+00
1.094206134424397403e+00
1.094206104488795184e+00
1.094206114043971612e+00
1.094206101592517522e+00
1.094206103394562257e+00
1.094206102011410220e+00
1.094206100049303076e+00
1.094206102982651307e+00
1.094206099722715875e+00
1.094206102863626739e+00
1.094206099890277395e+00
1.094206101809642062e+00
1.094206099968691559e+00
1.094206100722651120e+00
1.094206100127480097e+00
1.094206100180291852e+00
1.094206100426588835e+00
1.094206100154796690e+00
1.094206100696610173e+00
1.094206100328709796e+00
1.094206100785185543e+00
1.094206100470690446e+00
1.094206100716819341e+00
1.094206100549049321e+00
1.094206100626891054e+00
1.094206100621670341e+00
1.094206100611266441e+00
1.094206100709928187e+00
