0.000000000000000000e+00
-1.920041362422485881e-02
-3.758398790054453403e-02
-5.517917979819389473e-02
-7.201323422979294397e-02
-8.812441738498404120e-02
-1.035560113291381507e-01
-1.183266221034532939e-01
-1.324345753270811943e-01
-1.459026292300582561e-01
-1.587533568282830931e-01
-1.709473323046614424e-01
-1.824413605927198423e-01
-1.932295090113315961e-01
-2.032465438609664110e-01
-2.123949344612492962e-01
-2.206531300742095580e-01
-2.279904665524177809e-01
-2.343220555505688141e-01
-2.396464969597406347e-01
-2.440456988710185959e-01
-2.475508721401653289e-01
-2.501669179677600274e-01
-2.519873667501831283e-01
-2.531747291168267577e-01
-2.538497220815335575e-01
-2.540572573278795931e-01
-2.538263983308430838e-01
-2.532291620129851206e-01
-2.523800290599019225e-01
-2.513932223157916979e-01
-2.503433192080478098e-01
-2.492556780820193441e-01
-2.481235436457154275e-01
-2.469342711682345759e-01
-2.456889692491832922e-01
-2.444087395220700398e-01
-2.431291005938212846e-01
-2.418886769937596548e-01
-2.407184263750833109e-01
-2.396351996550018515e-01
-2.386404938996466996e-01
-2.377233060034819045e-01
-2.368653000211485837e-01
-2.360466400438590850e-01
-2.352512946647965508e-01
-2.344710676470741217e-01
-2.337079465989193583e-01
-2.329746084183259291e-01
-2.322931428882085425e-01
-2.316923134470039169e-01
-2.312039888837199852e-01
-2.308597202139105742e-01
-2.306887299283650605e-01
-2.307187707546003719e-01
-2.309814778378046218e-01
-2.315243610098330629e-01
-2.324333656288526673e-01
-2.338748136173997016e-01
-2.361771488586017209e-01
-2.399968395726259640e-01
-2.466384541136863451e-01
-2.583977347610106334e-01
-2.765474131190134854e-01
-2.890567203283305742e-01
-2.857207315682921966e-01
-2.992556419418128111e-01
-3.054159790164135413e-01
-3.065222912788721499e-01
-3.155917619750313596e-01
-3.258872026320117077e-01
-3.268704045177616702e-01
-3.276266219860719531e-01
-3.277817804629182263e-01
-3.309086728443673131e-01
-3.403610525354792138e-01
-3.396340973998532853e-01
-3.550613029293409606e-01
-3.575271145086560964e-01
-3.545398394886888349e-01
-3.586378179231953789e-01
-3.754784326194344213e-01
-3.712526678851771345e-01
-3.706999582640100321e-01
-3.714584582837112681e-01
-3.652881366593492274e-01
-3.803444843660216401e-01
-4.005009476392962786e-01
-4.106342729853703633e-01
-3.951266989954773101e-01
-3.999852912043614372e-01
-4.066619096775898057e-01
-4.145891888331547648e-01
-4.218078573749403093e-01
-4.294447572571098437e-01
-4.388570409208536471e-01
-4.474149711401269047e-01
-4.551845477409561802e-01
-4.565760677773160192e-01
-4.757547086617963106e-01
-4.871025955496200432e-01
-5.067499606655250233e-01
-4.896213642543280065e-01
-4.960038755648359943e-01
-4.776058770266866094e-01
-4.721351082888247674e-01
-4.797417507049819840e-01
-4.797197572861903736e-01
-4.764343105863875771e-01
-4.794388389338448131e-01
-4.507175966890357710e-01
-4.454641673387473855e-01
-4.621160000980061855e-01
-4.726952269010181729e-01
-4.577101513133785549e-01
-4.515226253054269723e-01
-4.661790398015261405e-01
-4.626219660449749638e-01
-4.801289266047231163e-01
-4.465423245821928955e-01
-4.150036583995518891e-01
-4.252199708672657619e-01
-4.080884987359850169e-01
-3.835664983130959160e-01
-4.144557288930854066e-01
-4.343818182940754058e-01
-4.066990467992477321e-01
-4.527743570207041768e-01
-4.172266956399277582e-01
-4.804006752084898357e-01
-4.650306323926677310e-01
-4.375887854406995681e-01
-4.994015078930001961e-01
-5.249701226688525679e-01
-5.375512811005902503e-01
-5.553008223213857786e-01
-4.031796957602066800e-01
-3.940844813340775854e-01
-3.059778753053641331e-01
-3.224566355082722491e-01
-6.522763122769141830e-01
-6.966215708086944680e-01
-6.940290869697685050e-01
-7.071084414955961517e-01
-6.960928260753149743e-01
-7.077605751345562579e-01
-7.264930890101150007e-01
-6.489507843014636901e-01
-5.460849089667083600e-01
-5.601636991433245338e-01
-5.861083829507104381e-01
-6.038573373978014525e-01
-6.236633175563581766e-01
-6.430214300458442223e-01
-6.626560721867602588e-01
-6.822289044456736340e-01
-7.018492426083395852e-01
-7.214625201024601475e-01
-7.410814783966278574e-01
-7.607015601984093989e-01
-7.803204023424236135e-01
-7.999408826700145081e-01
-8.195600420427545663e-01
-8.391802227154653293e-01
-8.587998041383514414e-01
-8.784198364241407875e-01
-8.980397127747634656e-01
-9.176597005290173525e-01
-9.372797037951243748e-01
-9.568996767091255684e-01
-9.765197037825152915e-01
-9.961396747254194217e-01
-1.015759691254422448e+00
-1.035379670734321245e+00
-1.054999676131517239e+00
-1.074619667831318237e+00
-1.094239668060163151e+00
-1.113859668464949104e+00
-1.133479666862482249e+00
-1.153099670268130650e+00
-1.172719668083971323e+00
-1.192339670846661370e+00
-1.211959668943699553e+00
-1.231579670201747412e+00
-1.251199669246156443e+00
-1.270819669520992123e+00
-1.290439669583257620e+00
-1.310059669466935528e+00
-1.329679670076353570e+00
-1.349299669843587735e+00
-1.368919670455481574e+00
-1.388539670219968158e+00
-1.408159670571824451e+00
-1.427779670430618042e+00
-1.447399670546475559e+00
-1.467019670557762279e+00
-1.486639670560105930e+00
-1.506259670691436181e+00
-1.525879670662365406e+00
-1.545499670820735583e+00
