0.000000000000000000e+00
7.039830092158997425e-08
5.413278833786379558e-07
1.682445250347859076e-06
3.431935595684542137e-06
5.248339318591172152e-06
6.250129063264955889e-06
5.741936431644709540e-06
3.867890062188936212e-06
1.831067453867521532e-06
1.217542740935609534e-06
2.713164420789503128e-06
5.278056050845583614e-06
6.728806457692231619e-06
5.536593502850238119e-06
2.339734167812137495e-06
-2.778858341971591849e-07
2.290333178430283826e-07
4.226340357874529598e-06
9.356156665957655579e-06
1.200942774765095553e-05
9.686195126370673484e-06
2.566302693721272085e-06
-6.523214495040257178e-06
-1.347498114756067150e-05
-1.469367299996000387e-05
-8.391838277590217321e-06
4.979206416099390096e-06
2.303580488253532512e-05
4.221670769730734892e-05
5.868361338964583234e-05
6.910663273037391248e-05
7.118351233485376733e-05
6.386921597836214229e-05
4.736957524559392966e-05
2.297050640570174728e-05
-7.234207029844933259e-06
-4.066252043424240485e-05
-7.456323276194240816e-05
-1.062964679550327152e-04
-1.335529134011132065e-04
-1.545060405943378965e-04
-1.679041094290887530e-04
-1.731145995316492976e-04
-1.701338128003322670e-04
-1.595713019926268223e-04
-1.426149018611435997e-04
-1.209790395144145760e-04
-9.683745147452975290e-05
-7.274167070853035464e-05
-5.152855589434567692e-05
-3.622332748549472460e-05
-2.994840600321294760e-05
-3.585201794719092879e-05
-5.707332997401341876e-05
-9.676244448124062458e-05
-1.581739695061500626e-04
-2.448516764717447000e-04
-3.609152897692711418e-04
-5.114318751715948245e-04
-7.027365239313630588e-04
-9.420949744767834286e-04
-1.234268583546592295e-03
-1.567048493795064439e-03
-1.885736002878868204e-03
-2.167813893256325015e-03
-2.484529497581851234e-03
-2.787690475573756377e-03
-3.079405354188046416e-03
-3.381453244221228720e-03
-3.682873259737241833e-03
-3.992341504006851824e-03
-4.316872734890133366e-03
-4.650930270677344422e-03
-5.000434398884274351e-03
-5.365580845078142883e-03
-5.745785011465567860e-03
-6.098466230157068187e-03
-6.507009567707295467e-03
-6.983330798546547730e-03
-7.529242517266321148e-03
-8.118494210314779885e-03
-8.688745520051761526e-03
-9.269330428749970527e-03
-9.857340720496876596e-03
-1.041426545636417282e-02
-1.090007031406730643e-02
-1.134572477750566029e-02
-1.174077263736762917e-02
-1.205730080163251901e-02
-1.237789991108710630e-02
-1.269758689495107534e-02
-1.300953953942044286e-02
-1.332879693459149834e-02
-1.363675129268707327e-02
-1.399298228799206525e-02
-1.432924077051739992e-02
-1.466933169930828215e-02
-1.500364066022439984e-02
-1.532330254353662415e-02
-1.568901441363341337e-02
-1.613921492257618800e-02
-1.654710788945979935e-02
-1.690733772851121114e-02
-1.726843672469157570e-02
-1.764869607570353216e-02
-1.799379761037423961e-02
-1.829199116474399325e-02
-1.857122375902658939e-02
-1.880751140482486705e-02
-1.904172517137829590e-02
-1.929310092814224067e-02
-1.954967958989934848e-02
-1.981053368434467984e-02
-2.008233260883899446e-02
-2.035739839498171971e-02
-2.064128835113282490e-02
-2.088665099162797037e-02
-2.109913267103813092e-02
-2.139450667239388079e-02
-2.182612282983524554e-02
-2.237814367041814426e-02
-2.289951795675052026e-02
-2.337189117667400062e-02
-2.381405766061897231e-02
-2.422903624277561799e-02
-2.467062826375741175e-02
-2.522059163443009580e-02
-2.583655894292203117e-02
-2.655901008680910946e-02
-2.730662669781409174e-02
-2.828654603427337155e-02
-2.929268334080862429e-02
-3.034705399282839125e-02
-3.169188665137805117e-02
-3.343173892272647413e-02
-3.542883773965826294e-02
-3.769911630457883911e-02
-3.975518055167716336e-02
-4.192921779801764282e-02
-3.792299758946938992e-02
-2.722762929166357843e-02
-1.671906209263146481e-02
-6.302322431172235895e-03
4.150666795243250495e-03
1.459887869668594421e-02
2.511280931611491532e-02
3.559853057551361222e-02
4.589498453892245505e-02
5.652716514978486928e-02
6.750221771561247530e-02
7.845385879266801588e-02
8.939859538807867767e-02
1.003428863996817660e-01
1.112853233051938895e-01
1.222277971664749302e-01
1.331699075691134548e-01
1.441120640004414366e-01
1.550541477769408483e-01
1.659962429074373913e-01
1.769383217362957283e-01
1.878803969634671722e-01
1.988224682367413787e-01
2.097645341876376857e-01
2.207065997611832031e-01
2.316486620432513521e-01
2.425907249129869436e-01
2.535327862981834879e-01
2.644748481829219955e-01
2.754169095095859721e-01
2.863589709935633887e-01
2.973010322972783892e-01
3.082430935309231623e-01
3.191851547341954531e-01
3.301272158072649510e-01
3.410692769107062650e-01
3.520113379144068078e-01
3.629533989619845857e-01
3.738954599571709947e-01
3.848375209828678312e-01
3.957795819889369793e-01
4.067216430046243780e-01
4.176637040170133042e-01
4.286057650242874884e-01
4.395478260351141087e-01
4.504898870361660479e-01
4.614319480431482989e-01
4.723740090425382343e-01
4.833160700475976901e-01
4.942581310491278579e-01
5.052001920542869007e-01
5.161422530588560820e-01
5.270843140644747571e-01
5.380263750708293990e-01
5.489684360764225390e-01
5.599104970831583206e-01
5.708525580886377737e-01
5.817946190953174890e-01
5.927366801011788588e-01
6.036787411080631882e-01
