-0.000000000000000000e+00
-9.669673033342582650e-05
-3.812870492392696816e-04
-8.457494432749198317e-04
-1.482331944325329231e-03
-2.283603887530759324e-03
-3.242561137485347467e-03
-4.352527342856694556e-03
-5.606880898210906544e-03
-6.999086407170927900e-03
-8.522892444569900652e-03
-1.017196886047715132e-02
-1.193949868510091154e-02
-1.381846018124384054e-02
-1.580153219231676329e-02
-1.788048230316272372e-02
-2.004647075909271950e-02
-2.229049627389614527e-02
-2.460291632072836993e-02
-2.697356740708417577e-02
-2.939277983345697440e-02
-3.185151329516527907e-02
-3.434081920347449579e-02
-3.685218849248746154e-02
-3.937846743263831439e-02
-4.191399208733764120e-02
-4.445390747728327624e-02
-4.699366770987558478e-02
-4.952920606398280440e-02
-5.205741133058070652e-02
-5.457635500101072623e-02
-5.708507419926770604e-02
-5.958310091331608938e-02
-6.207003983000720926e-02
-6.454537811982011264e-02
-6.700853423310031143e-02
-6.945903794615124194e-02
-7.189670998848032846e-02
-7.432175164438950543e-02
-7.673471955670119193e-02
-7.913641257996671674e-02
-8.152772044729038325e-02
-8.390948180098660447e-02
-8.628238382692791919e-02
-8.864691808954078267e-02
-9.100339285295504232e-02
-9.335199254656781354e-02
-9.569286935880567946e-02
-9.802624914472463091e-02
-1.003525333258035723e-01
-1.026723803177367333e-01
-1.049867547452468935e-01
-1.072969407508838346e-01
-1.096045269848779924e-01
-1.119113845638165794e-01
-1.142196745986261974e-01
-1.165319401483126266e-01
-1.188513661558605328e-01
-1.211823507759137303e-01
-1.235316696559230210e-01
-1.259108263849594567e-01
-1.283407816316564365e-01
-1.308604833755540042e-01
-1.335317645157821642e-01
-1.363748437670581626e-01
-1.392489124689345881e-01
-1.421593537468885393e-01
-1.452040170905582739e-01
-1.482433478983460617e-01
-1.513748378432463459e-01
-1.545720300194513008e-01
-1.578239535924267356e-01
-1.610961124094534014e-01
-1.643732020046443365e-01
-1.676734232224101340e-01
-1.710390612853087966e-01
-1.744165418486949837e-01
-1.779039347943647820e-01
-1.814825622566466345e-01
-1.850464770850957508e-01
-1.886050924576837540e-01
-1.922732231134004488e-01
-1.960024379970846664e-01
-1.997100575223639818e-01
-2.034391758872613754e-01
-2.071033115793356749e-01
-2.108206266352808944e-01
-2.147258735763090398e-01
-2.188007135395809710e-01
-2.228394278453166288e-01
-2.268200229338646901e-01
-2.308175608835189296e-01
-2.349513686103895382e-01
-2.391456064048420871e-01
-2.433867435177801686e-01
-2.477115260664205232e-01
-2.521324714683428336e-01
-2.566505113229957113e-01
-2.612475585817767842e-01
-2.658875584778028212e-01
-2.707117660622958000e-01
-2.756729531541915468e-01
-2.806963141278490115e-01
-2.856256974611726118e-01
-2.904552306657147143e-01
-2.952620282920852546e-01
-3.000851500036384456e-01
-3.048236128025200720e-01
-3.096196377332121608e-01
-3.144696642650252616e-01
-3.190908012865089072e-01
-3.235885195729144015e-01
-3.280733085898213108e-01
-3.327212048149482126e-01
-3.373898421450792218e-01
-3.419445741871634525e-01
-3.464866111211405419e-01
-3.510696803758195927e-01
-3.557780531161768289e-01
-3.604278054271669030e-01
-3.647148504848842232e-01
-3.688771486930765842e-01
-3.730480303181600288e-01
-3.770798392668056609e-01
-3.811622262171614484e-01
-3.853360649166169272e-01
-3.896070949268930494e-01
-3.938721403799989584e-01
-3.982838606682483906e-01
-4.027424204551036113e-01
-4.075006685217043012e-01
-4.119457296553804548e-01
-4.167541463270690305e-01
-4.218781159715637719e-01
-4.271776128067737432e-01
-4.326924411239278512e-01
-4.375359675363583722e-01
-4.416493494397666919e-01
-4.449787153430734832e-01
-4.485407546769819009e-01
-4.548859935581519021e-01
-4.617213817002406850e-01
-4.687679384367025581e-01
-4.757691415638929389e-01
-4.827994234833120624e-01
-4.897975425928262072e-01
-4.969630838864871891e-01
-5.039448793399033955e-01
-5.101139862844575878e-01
-5.156412964688191769e-01
-5.213989290603373572e-01
-5.273427735669926619e-01
-5.334807001536588933e-01
-5.398138697485134196e-01
-5.463422611694371822e-01
-5.530667106171986980e-01
-5.599870858810477303e-01
-5.671036608398395407e-01
-5.744163709650251803e-01
-5.819252909995918932e-01
-5.896303967897847942e-01
-5.975317041277623531e-01
-6.056292078293515901e-01
-6.139229090993831850e-01
-6.224128093888533497e-01
-6.310989073788277892e-01
-6.399812054133510175e-01
-6.490597022943037642e-01
-6.583343994770176622e-01
-6.678052962672270665e-01
-6.774723932174930852e-01
-6.873356900698576188e-01
-6.973951868967296353e-01
-7.076508837117752027e-01
-7.181027804304942475e-01
-7.287508771699356958e-01
-7.395951738350898808e-01
-7.506356705330464729e-01
-7.618723672002042369e-01
-7.733052638921391608e-01
-7.849343605797592938e-01
-7.967596572745274663e-01
-8.087811539736499133e-01
-8.209988506672708519e-01
-8.334127473668442310e-01
-8.460228440585776388e-01
-8.588291407564540014e-01
-8.718316374502896871e-01
-8.850303341492644638e-01
-8.984252308481925908e-01
-9.120163275498590627e-01
-9.258036242531992865e-01
-9.397871209567850714e-01
-9.539668176621683982e-01
-9.683427143666138992e-01
-9.829148110726039222e-01
-9.976831077778897106e-01
-1.012647604484462560e+00
-1.027808301191084794e+00
-1.043165197898584085e+00
