1.000000000000000056e-01
1.000000000000000056e-01
9.883719207193901457e-02
9.545070779234723912e-02
8.892372796159342396e-02
7.858928881711377268e-02
6.415317488627980680e-02
4.580920311778338694e-02
2.431432287628070010e-02
9.891469691783033591e-04
-2.238184828844409432e-02
-4.375465950052809250e-02
-6.110834999005348989e-02
-7.275131213781542427e-02
-7.758331346982695609e-02
-7.525373012868209754e-02
-6.618300013139832849e-02
-5.144953846233878136e-02
-3.257715168423305774e-02
-1.127896804761223740e-02
1.078299785856111706e-02
3.217821736671273164e-02
5.180858098738358453e-02
6.893484497215769669e-02
8.314880000559972395e-02
9.431556625746692624e-02
1.025066735301306126e-01
1.079375578200426067e-01
1.109163114056935656e-01
1.118055812358131895e-01
1.109966213739402435e-01
1.088932060583364392e-01
1.059028053687525728e-01
1.024326336478539046e-01
9.888858920559821797e-02
9.567554226826535668e-02
9.319782175577569217e-02
9.185908018592288393e-02
9.206098670134064965e-02
9.420042805381761974e-02
9.866510465805009011e-02
1.058276084364035974e-01
1.160382706611149672e-01
1.296172750590537937e-01
1.468467423267870442e-01
1.679637008148203436e-01
1.931550559177321602e-01
2.225558495524835867e-01
2.562522578081928293e-01
2.942909175648976139e-01
3.366963302898851595e-01
3.834983249931429583e-01
4.347719835930626275e-01
4.906932228182128708e-01
5.516146675281989875e-01
6.181689484315023853e-01
6.914106519570638598e-01
7.730143827514130983e-01
8.655546499632764679e-01
9.729002530035130158e-01
1.100746526707775397e+00
1.257230704758657280e+00
1.453274405004707948e+00
1.701443833162289421e+00
2.010684204618538029e+00
2.375871417862072565e+00
2.776360961797392335e+00
3.210031721549884587e+00
3.744343150803053355e+00
4.561049112692264096e+00
5.944468111825171874e+00
7.567687186863176763e+00
9.284301334696460017e+00
1.108555775972874002e+01
1.359376064785909222e+01
1.619996095457041463e+01
1.924186203803494521e+01
2.234119812989987963e+01
2.576953965240150879e+01
2.925329190128082857e+01
3.353051441815214417e+01
3.794212307987103827e+01
4.246571250427692235e+01
4.813884247895318680e+01
5.527897178033791903e+01
6.445723275824478549e+01
7.411826986096066605e+01
8.717166699407992780e+01
1.039255833141322398e+02
1.227687545188055935e+02
1.428010137807256967e+02
1.659377013697478276e+02
1.893916002339539091e+02
2.130871114378826121e+02
2.380847011581014954e+02
2.644037905890350544e+02
2.908436845335551197e+02
3.175388644625655274e+02
3.447875538059622613e+02
3.729992609378319912e+02
4.013354604336112175e+02
4.305888370113235055e+02
4.601820226206550046e+02
4.899418335002096114e+02
5.199632993811608230e+02
5.508761191804188684e+02
5.826655813053366728e+02
6.154351451438813001e+02
6.485397328865318514e+02
6.817680795020055484e+02
7.151480168042863852e+02
7.491407224931004976e+02
7.832443187290202786e+02
8.179051097704506219e+02
8.526422651653923594e+02
8.879701727603381869e+02
9.233706084980120750e+02
9.589405280742254263e+02
9.948257143431623035e+02
1.030761020697198319e+03
1.066726791248347126e+03
1.103053089413175258e+03
1.139510743189810455e+03
1.175989097300893718e+03
1.212505019649478527e+03
1.249074393158896783e+03
1.285831106654261475e+03
1.322750558542199542e+03
1.359711145962993442e+03
1.396643959975525831e+03
1.433574741250947682e+03
1.470577250488845721e+03
1.507634765685602133e+03
1.544629904072028694e+03
1.581506948932989189e+03
1.618445267161512675e+03
1.655514131935744899e+03
1.692543325994207862e+03
1.729423291117300778e+03
1.766312839682230106e+03
1.803308300238213405e+03
1.840298927235970950e+03
1.877223120852372631e+03
1.914134929992239677e+03
1.951073349754260107e+03
1.988013655932894380e+03
2.024940120767648068e+03
2.061865508345082617e+03
2.098798029673957444e+03
2.135731545324189028e+03
2.172661606472145650e+03
2.209590772011457830e+03
2.246521341008398849e+03
2.283452264397701583e+03
2.320382454917345513e+03
2.357312457400472340e+03
2.394242879455051479e+03
2.431173449560741119e+03
2.468103803233404051e+03
2.505034052134721605e+03
2.541964401051942332e+03
2.578894803982640497e+03
2.615825148941764837e+03
2.652755461559057949e+03
2.689685810975437562e+03
2.726616184959900693e+03
2.763546538881317247e+03
2.800476875680501507e+03
2.837407222357932369e+03
2.874337579031594032e+03
2.911267929502018887e+03
2.948198273446397707e+03
2.985128621597896199e+03
3.022058974746006697e+03
3.058989325615787948e+03
3.095919672947988602e+03
3.132850021358455706e+03
3.169780371990371805e+03
3.206710721912100780e+03
3.243641070296432645e+03
3.280571419178412270e+03
3.317501769255195995e+03
3.354432119106309983e+03
3.391362468097775036e+03
3.428292817152473162e+03
3.465223166771788783e+03
3.502153516351490453e+03
3.539083865524572957e+03
3.576014214722586075e+03
3.612944564240897762e+03
3.649874913774839115e+03
3.686805263075998482e+03
3.723735612341774868e+03
3.760665961764464555e+03
3.797596311214396792e+03
3.834526660548219297e+03
3.871457009859568188e+03
3.908387359263297185e+03
3.945317708694195517e+03
3.982248058057846265e+03
