0.000000000000000000e+00
-1.162807928060987234e-01
-3.386484279591778779e-01
-6.526979830753820710e-01
-1.033443914447964351e+00
-1.443611393083396699e+00
-1.834397176849642319e+00
-2.149488024150268739e+00
-2.332517590710239563e+00
-2.337099525762239782e+00
-2.137281121208399970e+00
-1.735369048952540183e+00
-1.164296214776193494e+00
-4.832001332011527373e-01
2.329583341144852993e-01
9.070729997283769608e-01
1.473346166905954657e+00
1.887238677810572751e+00
2.129818363662081993e+00
2.206196590617335307e+00
2.139521950815161500e+00
1.963036362067085205e+00
1.712626398477410827e+00
1.421395503344203171e+00
1.116676625186720839e+00
8.191107272663686878e-01
5.430884289911989127e-01
2.978753585650959490e-01
8.892698301196186317e-02
-8.089598618729443302e-02
-2.103415315603809344e-01
-2.990400689583861404e-01
-3.470171720898667100e-01
-3.544044442255684935e-01
-3.213046937332860176e-01
-2.477720512489659244e-01
-1.338741569852811009e-01
2.019065154177701604e-02
2.139441352476967317e-01
4.464676604232473700e-01
7.162503778353501716e-01
1.021066222471136875e+00
1.357900439793881642e+00
1.722946726773323833e+00
2.111695848803329056e+00
2.519135510291182545e+00
2.940079363475142316e+00
3.369640825570925813e+00
3.803865975670480459e+00
4.240541272498754566e+00
4.680199470325780986e+00
5.127365859991968478e+00
5.592123922515024326e+00
6.092144470998608341e+00
6.655428090330335777e+00
7.324170352556149233e+00
8.160373079434918964e+00
9.254026721186335180e+00
1.073456030402365435e+01
1.278462737042623409e+01
1.564841780508818836e+01
1.960437002460507827e+01
2.481694281575814287e+01
3.092403714562487593e+01
3.651872132435344298e+01
4.004895439353200004e+01
4.336707597524920033e+01
5.343114292531685550e+01
8.167059618892108119e+01
1.383418999132907743e+02
1.623219075038004462e+02
1.716614147833283255e+02
1.801256425032280220e+02
2.508202888130352903e+02
2.606200306711321559e+02
3.041901083464530871e+02
3.099336091864934701e+02
3.428341522501630152e+02
3.483752248879319495e+02
4.277222516871316884e+02
4.411608661718896656e+02
4.523589424405884643e+02
5.673129974676262464e+02
7.140129301384733935e+02
9.178260977906866174e+02
9.661037102715885112e+02
1.305339713311926289e+03
1.675391632005230349e+03
1.884317120467334917e+03
2.003225926192011457e+03
2.313668758902213085e+03
2.345389886420607127e+03
2.369551120392870416e+03
2.499758972021887075e+03
2.631908943093354083e+03
2.643989394452005399e+03
2.669517992901040998e+03
2.724868934339673615e+03
2.821170713186970261e+03
2.833619949577923762e+03
2.925337657771228805e+03
2.959318560933149456e+03
2.975981087955461135e+03
3.002146588095126390e+03
3.091281979925804535e+03
3.178946212491785445e+03
3.276956383854462274e+03
3.310458774265055126e+03
3.322834661547368341e+03
3.337993730228084587e+03
3.399270568881415329e+03
3.410359623591974469e+03
3.466079104143035238e+03
3.473715539494172390e+03
3.532790759494578651e+03
3.540043573767388807e+03
3.556991957621336041e+03
3.588518626893686815e+03
3.593530635403593351e+03
3.596577055114877567e+03
3.632629816482819024e+03
3.645765377663517029e+03
3.647835411108328572e+03
3.651592234858489519e+03
3.656937350941817385e+03
3.675671349536472917e+03
3.691945188793808484e+03
3.696058742079380863e+03
3.693281401253228069e+03
3.693078127542186849e+03
3.700250923789794342e+03
3.705751519675636700e+03
3.699513838642646533e+03
3.687704486096048640e+03
3.693831822852341702e+03
3.706886477423225642e+03
3.702919405846297650e+03
3.687996512309290665e+03
3.688954856492926410e+03
3.699546055598340445e+03
3.699062699775763576e+03
3.692419361640159423e+03
3.691180913986710948e+03
3.693841976202045771e+03
3.694030617863419593e+03
3.692646483475361492e+03
3.692538757743465339e+03
3.693252132887485914e+03
3.693351565023161129e+03
3.693006114795671692e+03
3.692916553931229373e+03
3.693056899694103322e+03
3.693092338930282040e+03
3.693019051964384744e+03
3.693000248312694112e+03
3.693042205457891214e+03
3.693057010568966234e+03
3.693035367266271805e+03
3.693024890131760458e+03
3.693034891722057637e+03
3.693040293069794643e+03
3.693034495912442708e+03
3.693031261729333892e+03
3.693034941637966313e+03
3.693037398446306725e+03
3.693035392141649027e+03
3.693033679918442431e+03
3.693034667743064347e+03
3.693035667366174494e+03
3.693035047042474616e+03
3.693034394437873289e+03
3.693034815149829683e+03
3.693035314811063927e+03
3.693035086978125037e+03
3.693034733220064027e+03
3.693034841046707697e+03
3.693035063191613062e+03
3.693034992172918464e+03
3.693034838433170989e+03
3.693034888197947566e+03
3.693035007678370675e+03
3.693034985111399237e+03
3.693034899146483440e+03
3.693034905469813566e+03
3.693034961931541602e+03
3.693034957970153300e+03
3.693034917308254535e+03
3.693034919801322758e+03
3.693034951831190028e+03
3.693034953394118929e+03
3.693034930115918996e+03
3.693034926577621263e+03
3.693034942268974646e+03
3.693034944993233694e+03
3.693034933382260078e+03
3.693034931134873204e+03
3.693034940372893288e+03
3.693034943089845001e+03
3.693034936365055728e+03
0.000000000000000000e+00
