0.000000000000000000e+00
4.270126067826128134e-05
1.243713171697860326e-04
2.397976106041753842e-04
3.800219709704866569e-04
5.317423935995494160e-04
6.774750236996688289e-04
7.966489925630644607e-04
8.676393968580148938e-04
8.705211152396377878e-04
7.900965081494293329e-04
6.186409854713414112e-04
3.579091447802634123e-04
2.018741338820280755e-05
-3.716329965286124999e-04
-7.850080680963341436e-04
-1.179905711689248739e-03
-1.512357112257968960e-03
-1.739198658722467591e-03
-1.823220678946665995e-03
-1.737550450102939544e-03
-1.468237247823838982e-03
-1.014616739256154424e-03
-3.877362052372838354e-04
3.924357718104170157e-04
1.300220180832284411e-03
2.307252003064445486e-03
3.384982927268118981e-03
4.506559116176284997e-03
5.648117400820055339e-03
6.789610828479594566e-03
7.915288626417918763e-03
9.013941480259182390e-03
1.007899806176851785e-02
1.110853280563381049e-02
1.210522244688197468e-02
1.307627106554145810e-02
1.403331006910704323e-02
1.499226979371410043e-02
1.597321223909490412e-02
1.700010906665708199e-02
1.810054493780392793e-02
1.930532358971880427e-02
2.064795332280595225e-02
2.216399086035866772e-02
2.389022904959701987e-02
2.586372537594197954e-02
2.812068422513321411e-02
3.069522344871264408e-02
3.361806922166422212e-02
3.691522319050744710e-02
4.060661987407374052e-02
4.470472378934228080e-02
4.921288209303938121e-02
5.412301297526687927e-02
5.941180499293985395e-02
6.503389744313500809e-02
7.090926327851346245e-02
7.689982510376131009e-02
8.276679530649744265e-02
8.809615388232019950e-02
9.218290019606205365e-02
9.391069454248078541e-02
9.185437129420521984e-02
8.521580029962552705e-02
7.578124704326370809e-02
6.806518859390772724e-02
6.557580021169535922e-02
6.822041267823689137e-02
6.937755063707266856e-02
7.014668569583751290e-02
7.464024813021220839e-02
6.657432123395236323e-02
6.624626398870832322e-02
7.556626146561773449e-02
7.174267182578202007e-02
8.379396363876885634e-02
7.670597554313665634e-02
8.808104838848704321e-02
8.342745196549497533e-02
7.373598409962910105e-02
9.158956010732136055e-02
9.251422756411024906e-02
7.619075217327092586e-02
8.892150120698165405e-02
8.703104602672444290e-02
1.134381957455855433e-01
2.190253993752688810e-01
2.674723262805722701e-02
-8.680235972742392225e-02
-1.031122393290850592e-01
-1.713437012649804969e-01
-1.503824053182672982e-01
-1.076444589894693937e-01
-7.857246600359427124e-02
-5.194325212176804929e-02
-5.793879054775023796e-02
-8.257547289193373219e-02
-7.209005025583442583e-02
-8.759072476298551679e-02
-8.105050628415073899e-02
-9.301182412087186102e-02
-9.174212152435211320e-02
-8.316229566980323784e-02
-8.328815149005404372e-02
-8.077933660835902308e-02
-7.985336038792105462e-02
-7.856315801499942630e-02
-7.404459328385226691e-02
-7.877261938246060691e-02
-8.378812399499566133e-02
-8.067649215637211213e-02
-7.277005738928493672e-02
-6.218907454043854505e-02
-5.661271951388042317e-02
-6.767502596277286120e-02
-7.137899952381303315e-02
-6.148394617211436208e-02
-7.216971023821466824e-02
-6.365992630530106777e-02
-6.686944952937177999e-02
-5.993961258047314500e-02
-7.115685612968572493e-02
-6.097424965578225609e-02
-6.362575429885253264e-02
-6.917358068434045770e-02
-5.879221394839924397e-02
-5.582479587871673476e-02
-6.444795556115402724e-02
-6.809781106255805017e-02
-6.044116529770123675e-02
-5.578264552258164338e-02
-5.981665238270836987e-02
-6.523516153034635001e-02
-6.228280114000407652e-02
-5.718227211505074598e-02
-5.846173167447400038e-02
-6.427358271984315308e-02
-6.381778816855974978e-02
-5.909180017763652343e-02
-5.962424690184729703e-02
-6.305584664787020066e-02
-6.366615060434556439e-02
-6.251310698662797261e-02
-6.265667987150690121e-02
-6.338967737804693248e-02
-6.343668285640052806e-02
-6.317667296637036189e-02
-6.320475698832077327e-02
-6.336713716376038419e-02
-6.340055149622277064e-02
-6.335867466906645873e-02
-6.336029689044823943e-02
-6.338944307806947120e-02
-6.339514186974755383e-02
-6.338474227717715015e-02
-6.338401006558849748e-02
-6.339132129043580088e-02
-6.339399189310693239e-02
-6.339191377573701047e-02
-6.339144530393654720e-02
-6.339312471348305944e-02
-6.339381360933597775e-02
-6.339316030311129002e-02
-6.339291915225371554e-02
-6.339343042572656572e-02
-6.339374339677708581e-02
-6.339359254802991173e-02
-6.339349404767644081e-02
-6.339363633736863624e-02
-6.339373897891606435e-02
-6.339368276502228838e-02
-6.339363560053269675e-02
-6.339368455231170207e-02
-6.339373335934533893e-02
-6.339372070507216794e-02
-6.339370108559462536e-02
-6.339371618555832144e-02
-6.339373487578878197e-02
-6.339372966031134315e-02
-6.339371986632666434e-02
-6.339372524139152976e-02
-6.339373458599660560e-02
-6.339373398804981630e-02
-6.339372971908892318e-02
-6.339373134473950955e-02
-6.339373531637663983e-02
-6.339373509738165102e-02
-6.339373286136623653e-02
-6.339373335012504773e-02
-6.339373541748032082e-02
-6.339373568242066825e-02
-6.339373467247383376e-02
-6.339373474935935948e-02
-6.339373569195677627e-02
-6.339373584447044463e-02
-6.339373529427425047e-02
-6.339373525703893841e-02
-6.339373576135350075e-02
0.000000000000000000e+00
