-9.810000000000001011e-03
-2.857882343678973952e-02
-4.655159131040967346e-02
-6.376039169892833147e-02
-8.023489603554295746e-02
-9.600167381478669215e-02
-1.110841337064218809e-01
-1.255023075993320358e-01
-1.392719756975044909e-01
-1.524025798956422650e-01
-1.648937373011744034e-01
-1.767309577051496272e-01
-1.878820800647922618e-01
-1.982964427050168399e-01
-2.079084698672410969e-01
-2.166461570239483769e-01
-2.244432330108503959e-01
-2.312522028867722845e-01
-2.370547667867662633e-01
-2.418667736279993541e-01
-2.457367386467491643e-01
-2.487391140185164218e-01
-2.509648728974227527e-01
-2.525120700165184862e-01
-2.534781957665818153e-01
-2.539550287187474220e-01
-2.540258389161690888e-01
-2.537643718066905363e-01
-2.532349677471974481e-01
-2.524932832424968132e-01
-2.515872466569438193e-01
-2.505580319283077784e-01
-2.494409445566977135e-01
-2.482661857180153975e-01
-2.470595026395984439e-01
-2.458427567590638074e-01
-2.446344533834899637e-01
-2.434502821696490626e-01
-2.423037188118896679e-01
-2.412067351867424880e-01
-2.401706572532462947e-01
-2.392071963952437375e-01
-2.383296601991044539e-01
-2.375543235841358347e-01
-2.369019132169131181e-01
-2.363991320180745537e-01
-2.360801335406050860e-01
-2.359878572618625825e-01
-2.361751652346322783e-01
-2.367057865318990539e-01
-2.376551833592957796e-01
-2.391116015678152740e-01
-2.411777540800370823e-01
-2.439738011239702409e-01
-2.476425246083996667e-01
-2.523578121426800491e-01
-2.583376439138690417e-01
-2.658622709190413547e-01
-2.752957553538613045e-01
-2.871001775150698321e-01
-3.018043659847210458e-01
-3.198131701519345005e-01
-3.407754526641873505e-01
-3.620787646390705161e-01
-3.769570177152242740e-01
-3.766695646392166363e-01
-3.607822306105844534e-01
-3.421719864667389643e-01
-3.410483252211964911e-01
-3.725777572896699086e-01
-3.545925415746808418e-01
-3.763975456363828354e-01
-3.481820530891331367e-01
-3.870907241364376916e-01
-3.986628394361263483e-01
-3.843065992298729250e-01
-3.577608144179342808e-01
-3.384086884658191186e-01
-3.270996739235724760e-01
-3.582924246976869065e-01
-3.723342902122410147e-01
-3.253783583247484290e-01
-3.968558607758142509e-01
-4.573749742122984463e-01
-5.693436899443273802e-01
-6.475664184388454370e-01
-8.452019511103168181e-01
-9.279032885831685062e-01
-6.708756768141970195e-01
-5.289234492813232880e-01
-7.656368937810900110e-01
-5.993451630515576056e-01
-5.927278289318643756e-01
-5.625011171883748107e-01
-5.639162608039676172e-01
-5.010735030385323752e-01
-5.409313142547895747e-01
-4.750445233124691580e-01
-4.899667321409633125e-01
-4.832596168172519357e-01
-4.940771607980275482e-01
-4.467916476340760279e-01
-4.785699790750403970e-01
-4.355130428338476745e-01
-4.801565182811141641e-01
-5.088727819196897650e-01
-5.523408736693374843e-01
-5.153713227259959506e-01
-5.393061713290155934e-01
-4.982207886034354383e-01
-5.202342463433239361e-01
-5.438075475296870742e-01
-5.548750610721808751e-01
-5.652293002366149954e-01
-5.886901190905898806e-01
-5.986175806636275798e-01
-5.644523205293264789e-01
-5.595657285578392592e-01
-5.679560596986635845e-01
-5.394156884034855270e-01
-5.614300273552692566e-01
-5.359675447732270559e-01
-5.373570705906526301e-01
-5.450754792850814878e-01
-5.185659921610286105e-01
-5.358387634654399045e-01
-5.396252244209422955e-01
-5.174754304943144367e-01
-5.113428136513363809e-01
-5.295775353216561898e-01
-5.395378812114881573e-01
-5.312014877404411806e-01
-5.268902398756994954e-01
-5.400556539173921866e-01
-5.579705321168220156e-01
-5.598913728758777575e-01
-5.560271361621413888e-01
-5.638726431178210374e-01
-5.835062078251616047e-01
-5.922563894132237827e-01
-5.957455851202587693e-01
-6.076133304303777960e-01
-6.269885813347485515e-01
-6.447257922461381296e-01
-6.607168120089988994e-01
-6.786504990232481438e-01
-6.982419840114200138e-01
-7.175183909843642072e-01
-7.363917559372348265e-01
-7.556196119881888329e-01
-7.752140487301537597e-01
-7.947907902574873340e-01
-8.142824512187458730e-01
-8.338266056052077158e-01
-8.534415504040391287e-01
-8.730533153166621929e-01
-8.926431836553476717e-01
-9.122423466638126532e-01
-9.318596648712449415e-01
-9.514784453709368428e-01
-9.710917111924806111e-01
-9.907063841765044732e-01
-1.010325614360702451e+00
-1.029945347379362275e+00
-1.049563335822345733e+00
-1.069181505222857931e+00
-1.088801118254764999e+00
-1.108421080262576908e+00
-1.128040519266393149e+00
-1.147659933055857673e+00
-1.167279793274442978e+00
-1.186899787208114176e+00
-1.206519587582618902e+00
-1.226139350431357578e+00
-1.245759277346221827e+00
-1.265379277656020651e+00
-1.284999213052500755e+00
-1.304619124104474226e+00
-1.324239093350451091e+00
-1.343859094141567789e+00
-1.363479068299545904e+00
-1.383099027952970905e+00
-1.402719011051672515e+00
-1.422339011215891569e+00
-1.441959002039880700e+00
-1.461578985131332109e+00
-1.481198977222205393e+00
-1.500818977309541946e+00
-1.520438973357231660e+00
-1.540058965038040073e+00
-1.559678960495026745e+00
-1.579298960361354975e+00
-1.598918958890104491e+00
-1.618538955118282718e+00
-1.638158952823380865e+00
-1.657778952728597321e+00
-1.677398952070484395e+00
-1.697018950103088120e+00
-1.716638948736200598e+00
0.000000000000000000e+00
