0.000000000000000000e+00
0.000000000000000000e+00
4.270126067826127964e-07
1.670725778480473156e-06
4.068701884522227320e-06
7.868921594227093279e-06
1.318634553022258676e-05
1.996109576721927627e-05
2.792758569284992074e-05
3.660397966143007117e-05
4.530919081382644607e-05
5.321015589532074156e-05
5.939656575003415351e-05
6.297565719783678601e-05
6.317753133171881137e-05
5.946120136643268908e-05
5.161112068546934683e-05
3.981206356857685944e-05
2.468849244599716916e-05
7.296505858772492576e-06
-1.093570093069416886e-05
-2.831120543172356349e-05
-4.299357790996195046e-05
-5.313974530252349416e-05
-5.701710735489633468e-05
-5.309274963679216127e-05
-4.009054782846931933e-05
-1.701802779782486555e-05
1.683180147485632616e-05
6.189739263661917477e-05
1.183785666448197271e-04
1.862746749296156673e-04
2.654275611937948766e-04
3.555669759963867135e-04
4.563569566140719116e-04
5.674422846704099991e-04
6.884945091392296896e-04
8.192572197946442836e-04
9.595903204857147550e-04
1.109513018422855811e-03
1.269245140813804852e-03
1.439246231480375594e-03
1.620251680858414856e-03
1.813304916755602812e-03
2.019784449983662473e-03
2.241424358587248977e-03
2.480326649083219176e-03
2.738963902842638833e-03
3.020170745093970870e-03
3.327122979581097293e-03
3.663303671797739532e-03
4.032455903702813864e-03
4.438522102443551338e-03
4.885569340336974077e-03
5.377698161267367716e-03
5.918928291020036578e-03
6.513046340949435117e-03
7.163385315380785268e-03
7.872477948165920031e-03
8.641476199203532507e-03
9.469144152268507350e-03
1.035010569109170997e-02
1.127193469305232988e-02
1.221104163847713808e-02
1.312958535141918980e-02
1.398174335441544451e-02
1.473955582484808187e-02
1.542020771078716004e-02
1.607596571290411530e-02
1.675816983968648338e-02
1.745194534605721062e-02
1.815341220301558423e-02
1.889981468431770756e-02
1.956555789665723188e-02
2.022802053654431526e-02
2.098368315120049260e-02
2.170110986945831405e-02
2.253904950584600247e-02
2.330610926127736973e-02
2.418691974516223864e-02
2.502119426481718908e-02
2.575855410581347898e-02
2.667444970688669093e-02
2.759959198252779494e-02
2.836149950426050323e-02
2.925071451633031935e-02
3.012102497659756295e-02
3.125540693405341741e-02
3.344566092780610483e-02
3.371313325408667461e-02
3.284510965681243511e-02
3.181398726352158146e-02
3.010055025087177497e-02
2.859672619768910060e-02
2.752028160779440569e-02
2.673455694775846159e-02
2.621512442654078123e-02
2.563573652106327858e-02
2.480998179214394250e-02
2.408908128958559686e-02
2.321317404195574058e-02
2.240266897911423472e-02
2.147255073790551444e-02
2.055512952266199192e-02
1.972350656596395801e-02
1.889062505106341855e-02
1.808283168497982693e-02
1.728429808110061583e-02
1.649866650095061990e-02
1.575822056811209543e-02
1.497049437428748901e-02
1.413261313433753288e-02
1.332584821277381197e-02
1.259814763888096253e-02
1.197625689347657681e-02
1.141012969833777278e-02
1.073337943871004348e-02
1.001958944347191259e-02
9.404749981750769663e-03
8.683052879368623189e-03
8.046453616315611679e-03
7.377759121021894122e-03
6.778362995217162602e-03
6.066794433920305422e-03
5.457051937362482862e-03
4.820794394373957743e-03
4.129058587530553409e-03
3.541136448046561074e-03
2.982888489259393795e-03
2.338408933647853627e-03
1.657430823022273264e-03
1.053019170045260949e-03
4.951927148194445061e-04
-1.029738090076392186e-04
-7.553254243111026884e-04
-1.378153435711143397e-03
-1.949976156861650805e-03
-2.534593473606390999e-03
-3.177329300804822461e-03
-3.815507182490420011e-03
-4.406425184266785262e-03
-5.002667653285258059e-03
-5.633226119763959892e-03
-6.269887625807415467e-03
-6.895018695673695019e-03
-7.521585494388764205e-03
-8.155482268169233703e-03
-8.789849096733238359e-03
-9.421615826396941701e-03
-1.005366339628015020e-02
-1.068733476791775341e-02
-1.132134028287998077e-02
-1.195492702957064515e-02
-1.258852999847512831e-02
-1.322242442925582358e-02
-1.385637584795329849e-02
-1.449022327072507083e-02
-1.512406337138095559e-02
-1.575797658428531450e-02
-1.639191650321638466e-02
-1.702583564097375629e-02
-1.765975009401312204e-02
-1.829368134114795277e-02
-1.892761947724131213e-02
-1.956155108027242406e-02
-2.019548027179495983e-02
-2.082941457605222424e-02
-2.146335201001999676e-02
-2.209728793550029546e-02
-2.273122287597706057e-02
-2.336515923935074748e-02
-2.399909662913990785e-02
-2.463303345679013212e-02
-2.526696981279545964e-02
-2.590090665831857805e-02
-2.653484399191203061e-02
-2.716878119896275201e-02
-2.780271820981869771e-02
-2.843665537167427981e-02
-2.907059272043216805e-02
-2.970453001703528273e-02
-3.033846721569855021e-02
-3.097240446811246398e-02
-3.160634181397242726e-02
-3.224027915385292709e-02
-3.287421645104381812e-02
-3.350815376449121225e-02
-3.414209111765497545e-02
-3.477602846862878905e-02
-3.540996579724245419e-02
-3.604390313074370272e-02
-3.667784048491850440e-02
-3.731177784174270762e-02
-3.794571518846744790e-02
-3.857965253596103844e-02
-3.921358989288060287e-02
-3.984752725132530843e-02
-4.048146460426805399e-02
-4.111540195683844462e-02
-4.174933931445198171e-02
