-0.000000000000000000e+00
-9.810000000000001282e-05
-3.838882343678974118e-04
-8.494041474719941443e-04
-1.487008064461277628e-03
-2.289357024816707394e-03
-3.249373762964574176e-03
-4.360215100028793159e-03
-5.615238176022113378e-03
-7.007957932997158253e-03
-8.531983731953581007e-03
-1.018092110496532539e-02
-1.194823068201682215e-02
-1.382705148266474490e-02
-1.581001590971491469e-02
-1.788910060838732469e-02
-2.005556217862680679e-02
-2.229999450873531089e-02
-2.461251653760303248e-02
-2.698306420547069706e-02
-2.940173194175069171e-02
-3.185909932821818363e-02
-3.434649046840335118e-02
-3.685613919737757566e-02
-3.938125989754276413e-02
-4.191604185520858561e-02
-4.445559214239606233e-02
-4.699585053155775488e-02
-4.953349424962465858e-02
-5.206584392709663611e-02
-5.459077675952160591e-02
-5.710664922609104410e-02
-5.961222954537412355e-02
-6.210663899094109874e-02
-6.458930084812125605e-02
-6.705989587451724465e-02
-6.951832344210788495e-02
-7.196466797594278098e-02
-7.439917079763927465e-02
-7.682220798575817300e-02
-7.923427533762560093e-02
-8.163598191015807026e-02
-8.402805387411051152e-02
-8.641135047610155884e-02
-8.878689371194291302e-02
-9.115591284411204975e-02
-9.351990416429278863e-02
-9.588070549969883449e-02
-9.824058407231746337e-02
-1.006023357246637884e-01
-1.029693935899827772e-01
-1.053459454235757403e-01
-1.077370614392538922e-01
-1.101488389800542589e-01
-1.125885769912939594e-01
-1.150650022373779502e-01
-1.175885803588047479e-01
-1.201719567979434439e-01
-1.228305795071338580e-01
-1.255835370606724621e-01
-1.284545388358231677e-01
-1.314725824956703704e-01
-1.346707141971897059e-01
-1.380784687238315878e-01
-1.416992563702222929e-01
-1.454688265473745301e-01
-1.492355221937667065e-01
-1.528433444998725521e-01
-1.562650643645399351e-01
-1.596755476167519006e-01
-1.634013251896485885e-01
-1.669472506053953920e-01
-1.707112260617592303e-01
-1.741930465926505578e-01
-1.780639538340149375e-01
-1.820505822283761954e-01
-1.858936482206749174e-01
-1.894712563648542625e-01
-1.928553432495124509e-01
-1.961263399887481773e-01
-1.997092642357250480e-01
-2.034326071378474710e-01
-2.066863907210949591e-01
-2.106549493288530917e-01
-2.152286990709760817e-01
-2.209221359704193477e-01
-2.273978001548078165e-01
-2.358498196659109813e-01
-2.451288525517426597e-01
-2.518376093198846366e-01
-2.571268438126978473e-01
-2.647832127505087563e-01
-2.707766643810243234e-01
-2.767039426703429839e-01
-2.823289538422267264e-01
-2.879681164502663759e-01
-2.929788514806517252e-01
-2.983881646231996143e-01
-3.031386098563242926e-01
-3.080382771777339102e-01
-3.128708733459064084e-01
-3.178116449538866961e-01
-3.222795614302274569e-01
-3.270652612209778431e-01
-3.314203916493163038e-01
-3.362219568321274665e-01
-3.413106846513243586e-01
-3.468340933880177390e-01
-3.519878066152776763e-01
-3.573808683285678578e-01
-3.623630762146022311e-01
-3.675654186780354937e-01
-3.730034941533323378e-01
-3.785522447640541355e-01
-3.842045377664202732e-01
-3.900914389573261754e-01
-3.960776147639624711e-01
-4.017221379692557104e-01
-4.073177952548340808e-01
-4.129973558518207355e-01
-4.183915127358555641e-01
-4.240058130094082611e-01
-4.293654884571405095e-01
-4.347390591630470591e-01
-4.401898139558978462e-01
-4.453754738775081434e-01
-4.507338615121625480e-01
-4.561301137563719688e-01
-4.613048680613150987e-01
-4.664182961978284858e-01
-4.717140715510450555e-01
-4.771094503631599371e-01
-4.824214652405643400e-01
-4.876903676393213316e-01
-4.930909241784952601e-01
-4.986706294996634536e-01
-5.042695432284222123e-01
-5.098298145900436174e-01
-5.154685410212218599e-01
-5.213036030994734338e-01
-5.272261669936056938e-01
-5.331836228448082471e-01
-5.392597561491120350e-01
-5.455296419624595661e-01
-5.519768998849209352e-01
-5.585840680050109253e-01
-5.653705729952434034e-01
-5.723529928353575658e-01
-5.795281767452011845e-01
-5.868920943045735639e-01
-5.944482904244554611e-01
-6.022004309117570120e-01
-6.101483388143318365e-01
-6.182911633265193441e-01
-6.266294293825713790e-01
-6.351638448866118170e-01
-6.438943780397784478e-01
-6.528208098763319533e-01
-6.619432333429701165e-01
-6.712618299916826015e-01
-6.807766144453919477e-01
-6.904875315573167915e-01
-7.003945953990818873e-01
-7.104978515426889629e-01
-7.207973050164825368e-01
-7.312929383747059919e-01
-7.419847534269345957e-01
-7.528727646094822701e-01
-7.639569754121080525e-01
-7.752373806047719862e-01
-7.867139799353305429e-01
-7.983867778680749927e-01
-8.102557757401561700e-01
-8.223209716159823879e-01
-8.345823651202959326e-01
-8.470399578937581886e-01
-8.596937506703183907e-01
-8.725437428008433471e-01
-8.855899340418881271e-01
-8.988323249753926714e-01
-9.122709159168083115e-01
-9.259057065998037572e-01
-9.397366968793334774e-01
-9.537638869898501515e-01
-9.679872771020090472e-01
-9.824068671224078786e-01
-9.970226569737211664e-01
-1.011834646745943145e+00
-1.026842836519038515e+00
-1.042047226252610814e+00
-1.057447815902991195e+00
-1.073044605507941451e+00
-1.088837595111554979e+00
-1.104826784700456033e+00
-1.121012174251638793e+00
-1.137393763779872558e+00
-1.153971553307158615e+00
-1.170745542827863472e+00
-1.187715732328894269e+00
-1.204882121816256202e+00
