1.000000000000000056e-01
1.000000000000000056e-01
8.837192071939013738e-02
5.683565625678213551e-02
6.529681647403445810e-03
-4.657096695027316408e-02
-7.525780059289681467e-02
-5.803404156451628937e-02
-7.141473790455918347e-04
5.718188036455139345e-02
6.818352728247507877e-02
2.007554860707557592e-02
-4.612975038403984568e-02
-6.979219079468858278e-02
-2.905154842814887395e-02
3.820890452417334548e-02
7.181221467987167206e-02
4.526603108750038018e-02
-1.687300323932953983e-02
-6.658023501619486639e-02
-7.200490468467589389e-02
-3.437502367041900958e-02
2.156722049347269826e-02
6.735001672228166369e-02
8.554654705508443757e-02
7.338918593814275360e-02
3.877354942312653124e-02
-5.808339192911300686e-03
-4.830238190465709069e-02
-8.000030579625637406e-02
-9.642496336095818243e-02
-9.690182894846725847e-02
-8.353444355739554628e-02
-6.004483187374873993e-02
-3.073199900968522427e-02
3.118977731225297534e-04
2.967422647859462026e-02
5.481172144581954175e-02
7.403994491641537057e-02
8.641593501910667385e-02
9.158725753029488270e-02
8.965074628521202404e-02
8.103950669555898267e-02
6.644143743145426717e-02
4.674455803261674813e-02
2.300033858098075867e-02
-3.606401605747766581e-03
-3.179430661481816300e-02
-6.024258390468749391e-02
-8.767928258443873080e-02
-1.130050312488743713e-01
-1.354467447603508456e-01
-1.547260313907288520e-01
-1.712222504284938163e-01
-1.861153649213088401e-01
-2.015117492524949594e-01
-2.205873417258359948e-01
-2.478284885657965619e-01
-2.895233480037061602e-01
-3.547965022595336304e-01
-4.577962783331569474e-01
-6.224076299740649576e-01
-8.925939695368001470e-01
-1.353513044345913796e+00
-2.149783676714137393e+00
-3.317912688896309970e+00
-4.538737044026057710e+00
-5.849818102696363376e+00
-7.203419421595164351e+00
-9.158067830005746757e+00
-1.139071107364112301e+01
-1.374806726850931682e+01
-1.713339975283805927e+01
-2.071560032507627014e+01
-2.568798948474491084e+01
-3.147297322300854816e+01
-3.756714743327330552e+01
-4.385066591912607237e+01
-5.032973208188654013e+01
-5.714886533759512588e+01
-6.495524473651097708e+01
-7.441512868548083759e+01
-8.409736633897792046e+01
-9.526449154508566153e+01
-1.084331365801398448e+02
-1.242488542557767914e+02
-1.405149026992763766e+02
-1.590529478021315697e+02
-1.804867968196874699e+02
-2.024452291383808813e+02
-2.279721689037878605e+02
-2.572999343143516739e+02
-2.869126802911010827e+02
-3.169266154724907096e+02
-3.484311224844018398e+02
-3.811150542899825382e+02
-4.141621412932092881e+02
-4.474156953108329162e+02
-4.842297567588191782e+02
-5.226892617724074626e+02
-5.646368363117006766e+02
-6.069213551893880094e+02
-6.494351873494006213e+02
-6.949670798408373003e+02
-7.407563909898819929e+02
-7.867959705776634109e+02
-8.370279471384756107e+02
-8.918626682260326106e+02
-9.470182609521898485e+02
-1.002876018953324547e+03
-1.059054340837956715e+03
-1.115558639180076398e+03
-1.172411184054109299e+03
-1.229527131607326510e+03
-1.287277084891257118e+03
-1.345419559535862163e+03
-1.407484228960342989e+03
-1.470646056284280348e+03
-1.535940727009668763e+03
-1.603092970014203729e+03
-1.674497031207466534e+03
-1.746854506104277334e+03
-1.820544443875998013e+03
-1.895195221682622559e+03
-1.970394582222677627e+03
-2.046013255556221338e+03
-2.122228420521715179e+03
-2.199750290209250579e+03
-2.282763745743723575e+03
-2.374841436237621565e+03
-2.468060800518868291e+03
-2.562721459495632189e+03
-2.658374569465541299e+03
-2.760706280843120112e+03
-2.871350218440027220e+03
-2.983896116355576396e+03
-3.097095954061663178e+03
-3.210928706771274847e+03
-3.327664644460917771e+03
-3.445046117304819745e+03
-3.571686401714458952e+03
-3.702403966379595204e+03
-3.843422685427468878e+03
-3.986553846540997711e+03
-4.132997643356694425e+03
-4.281334086428434603e+03
-4.438677731902634150e+03
-4.602112902673378812e+03
-4.770570185949139159e+03
-4.954742334074137943e+03
-5.140541858722133838e+03
-5.341648200984908726e+03
-5.570742915325868125e+03
-5.803912821772850293e+03
-6.044627694255492315e+03
-6.303334672951957145e+03
-6.575701935600594879e+03
-6.850317267278644977e+03
-7.134989177419465705e+03
-7.422037526419703681e+03
-7.711951368958831154e+03
-8.001771340644662814e+03
-8.292152007723268980e+03
-8.582003549156699592e+03
-8.871547208926573148e+03
-9.161231706522023160e+03
-9.451228239405470958e+03
-9.741274498107255567e+03
-1.003127678776240646e+04
-1.032132859448073395e+04
-1.061136387788151478e+04
-1.090136316429896033e+04
-1.119138451246194018e+04
-1.148141906205380292e+04
-1.177144354151260268e+04
-1.206147156613795050e+04
-1.235150284638490666e+04
-1.264152830360722510e+04
-1.293155414090282284e+04
-1.322158312073046545e+04
-1.351161081094516339e+04
-1.380163811066905873e+04
-1.409166650528518767e+04
-1.438169423840650597e+04
-1.467172151638515788e+04
-1.496174942586061479e+04
-1.525177730024814264e+04
-1.554180491342232745e+04
-1.583183275338337626e+04
-1.612186058588869491e+04
-1.641188823932691594e+04
-1.670191599520937598e+04
-1.699194380818363425e+04
-1.728197153695129236e+04
-1.757199929561452518e+04
-1.786202708777242515e+04
-1.815205482919103088e+04
-1.844208257639601652e+04
-1.873211035419176187e+04
-1.902213811148513923e+04
