0.000000000000000000e+00
-1.162807928060987317e+00
-3.153626446260799909e+00
-5.030597460937868526e+00
-5.310064859767661183e+00
-2.868683364262365032e+00
1.722375902838052752e+00
5.731989418547069448e+00
5.789602774359698500e+00
1.100164691792368643e+00
-4.810797867539950090e+00
-6.620529899111541994e+00
-2.366244041064873294e+00
4.074064236653970994e+00
6.726045295232221832e+00
3.360331015569833379e+00
-2.654618359237128633e+00
-6.213903432682991834e+00
-4.970723177686531713e+00
-5.424669668481030271e-01
3.762988101425688292e+00
5.594224416389170784e+00
4.578279622880897293e+00
1.819653033280277832e+00
-1.215736111694168731e+00
-3.461563651501622374e+00
-4.458188861603782804e+00
-4.249404271174578973e+00
-3.169792389159928447e+00
-1.642465756470181004e+00
-4.768655875090743734e-02
1.336738539107171109e+00
2.348961168364680496e+00
2.931283286406351607e+00
3.104389678280775389e+00
2.936232870547208940e+00
2.513749496722492260e+00
1.922822347059582881e+00
1.237599010269130106e+00
5.171322511188204407e-01
-1.936511245082855881e-01
-8.611239589653034709e-01
-1.459806926410471606e+00
-1.969687939883751682e+00
-2.374421945163598835e+00
-2.660674018672852359e+00
-2.818790500907039309e+00
-2.844827728986933479e+00
-2.743669867975123466e+00
-2.532574866443564332e+00
-2.244171351147646210e+00
-1.927928663037801194e+00
-1.649621903776497645e+00
-1.489311449281502275e+00
-1.539638433118611038e+00
-1.907559247334102981e+00
-2.724114683996057273e+00
-4.169485943790960825e+00
-6.527315425582746578e+00
-1.029997760736233303e+01
-1.646113516409079836e+01
-2.701863395627352560e+01
-4.609190748091136669e+01
-7.962706323682233744e+01
-1.168129012182172630e+02
-1.220824355129747403e+02
-1.311081058670305310e+02
-1.353601318898801367e+02
-1.954648408410582761e+02
-2.232643243635376109e+02
-2.357356194868194450e+02
-3.385332484328744158e+02
-3.582200572238209588e+02
-4.972389159668639991e+02
-5.784983738263636042e+02
-6.094174210264757221e+02
-6.283518485852766844e+02
-6.479066162760469751e+02
-6.819133255708586603e+02
-7.806379398915848924e+02
-9.459883948969860512e+02
-9.682237653497079464e+02
-1.116712520610773709e+03
-1.316864503505417815e+03
-1.581571767563694493e+03
-1.626604844349958739e+03
-1.853804510285518518e+03
-2.143384901755590818e+03
-2.195843231869341253e+03
-2.552693976540696440e+03
-2.932776541056380665e+03
-2.961274597674940196e+03
-3.001393518138964737e+03
-3.150450701191114604e+03
-3.268393180558071435e+03
-3.304708700322675668e+03
-3.325355401762359634e+03
-3.681406144798625064e+03
-3.845950501358832298e+03
-4.194757453929316398e+03
-4.228451887768734196e+03
-4.251383216001261644e+03
-4.553189249143672896e+03
-4.578931114904466995e+03
-4.603957958778137254e+03
-5.023197656081217247e+03
-5.483472108755695444e+03
-5.515559272615719237e+03
-5.585775800113466175e+03
-5.617832188463220518e+03
-5.650429834211968227e+03
-5.685254487403298299e+03
-5.711594755321718367e+03
-5.774995328393065392e+03
-5.814247464460505398e+03
-6.206466942448087138e+03
-6.316182732393737751e+03
-6.529467072538849607e+03
-6.715224300453497563e+03
-7.140406119326273256e+03
-7.235747489681069965e+03
-7.368993777172060618e+03
-7.465077780662442819e+03
-7.519936054005510414e+03
-7.561867333354362927e+03
-7.621516496549405019e+03
-7.752186968753554538e+03
-8.301345553447321436e+03
-9.207769049389802603e+03
-9.321936428124659869e+03
-9.466065897676391614e+03
-9.565310996990912827e+03
-1.023317113775785947e+04
-1.106439375969069079e+04
-1.125458979155493580e+04
-1.131998377060868370e+04
-1.138327527096118502e+04
-1.167359376896428330e+04
-1.173814728439019018e+04
-1.266402844096390436e+04
-1.307175646651360876e+04
-1.410187190478738557e+04
-1.431311611135287058e+04
-1.464437968156970419e+04
-1.483364430717405594e+04
-1.573436454741992202e+04
-1.634351707707447531e+04
-1.684572832757602373e+04
-1.841721481249983481e+04
-1.857995246479960042e+04
-2.011063422627746331e+04
-2.290947143409589989e+04
-2.331699064469817313e+04
-2.407148724826421676e+04
-2.587069786964649393e+04
-2.723672626486380614e+04
-2.746153316780498062e+04
-2.846719101408205097e+04
-2.870483490002381586e+04
-2.899138425391271812e+04
-2.898199716858318425e+04
-2.903806670786056566e+04
-2.898515414334313755e+04
-2.895436597698737023e+04
-2.896844975954494657e+04
-2.899965328834479078e+04
-2.900462587017837359e+04
-2.900022896551504891e+04
-2.900518067183274252e+04
-2.900352834007802812e+04
-2.899992864174459100e+04
-2.900213481629797388e+04
-2.900345495918633605e+04
-2.900244794588004879e+04
-2.900280246253480072e+04
-2.900312802469556482e+04
-2.900254572223178911e+04
-2.900258372955974482e+04
-2.900289798276432703e+04
-2.900276902146986686e+04
-2.900272997238960306e+04
-2.900283946161288259e+04
-2.900277331213190701e+04
-2.900272779786512183e+04
-2.900279094754570178e+04
-2.900278743875281725e+04
-2.900276131741845893e+04
-2.900278399610483757e+04
-2.900278325053195658e+04
-2.900276534382220416e+04
-2.900277558824602966e+04
-2.900278129742570673e+04
-2.900277287676583364e+04
-2.900277586632323073e+04
-2.900277921579017857e+04
-2.900277414186061287e+04
-2.900277472049869175e+04
-2.900277777957459330e+04
-2.900277572933790361e+04
0.000000000000000000e+00
