0.000000000000000000e+00
4.270126067826128134e-05
1.158194444893047482e-04
1.848138857351684856e-04
1.951611952884550413e-04
1.050659325479956095e-04
-6.562412200086261251e-05
-2.164709248884247913e-04
-2.185790112109393447e-04
-3.362450327191990850e-05
2.085738778001261355e-04
2.867094312124063944e-04
9.090952219528001155e-05
-2.309821853104777835e-04
-3.772579536134076234e-04
-1.686231940754147980e-04
2.559489588942744044e-04
5.460110788348000168e-04
4.288849991019694327e-04
-6.335009728218290092e-05
-6.293757103288169768e-04
-9.155326719582600192e-04
-7.271572525506146212e-04
-1.167585804095506172e-04
6.835499812016256841e-04
1.390168098995273136e-03
1.772403991401902499e-03
1.713202341507197128e-03
1.221104362856518469e-03
4.007427082847422103e-04
-5.933548860208356229e-04
-1.597590667357858939e-03
-2.467550694046696629e-03
-3.095165835696077426e-03
-3.416769604903419511e-03
-3.412997244972831162e-03
-3.102210620561382873e-03
-2.530458683326184885e-03
-1.761126555813781946e-03
-8.663142378362977212e-04
7.942428575555781061e-05
1.003318675919170032e-03
1.837305446178826539e-03
2.520299710299391937e-03
3.000237838604891908e-03
3.236027334388889235e-03
3.199285232313234684e-03
2.875561935511496831e-03
2.264662170647220932e-03
1.379707359848839510e-03
2.447246603606413693e-04
-1.109256320611493388e-03
-2.649451122150455265e-03
-4.347692955369793048e-03
-6.187743200790608855e-03
-8.173445007996200593e-03
-1.033771809127354696e-02
-1.275236740347970160e-02
-1.553799079274453820e-02
-1.886958541837022510e-02
-2.295737393587260131e-02
-2.791607313440980231e-02
-3.318102900561858276e-02
-3.557486411729055692e-02
-2.993028794795992570e-02
-3.217720768140216320e-02
-3.425175730263630564e-02
-2.904175112169997408e-02
-3.518557475710407112e-02
-3.185006461166293990e-02
-2.719563517403887284e-02
-3.207856830314654434e-02
-3.422719995071649840e-02
-2.994534713410238608e-02
-3.701010842822107655e-02
-3.755644754158578291e-02
-3.524080876291676295e-02
-3.295552556526276655e-02
-3.340325743926305518e-02
-3.930117965693473436e-02
-3.346481365329655178e-02
-2.642765253840312009e-02
-1.959459304616931533e-02
-2.580415988213992720e-02
-2.510103438014280389e-02
-2.241195338916145835e-02
-1.454612128258415266e-02
-8.782642912728292478e-03
-1.172362313394600952e-02
-1.496427835409665577e-02
-1.124653713306168756e-02
-3.764327786764905433e-03
-1.282518961886986927e-02
-7.433166874564457911e-03
-3.775341031873570823e-03
-1.272207289186345035e-02
-3.353565915702244257e-03
-7.397488932396647544e-03
-1.318848666229816870e-02
-1.881932588868677828e-02
-8.216233880635458522e-03
-1.833624343563856895e-02
-1.050714580873309337e-02
-2.098629471475569469e-02
-1.082253834199658690e-02
-1.351691622264990927e-02
-1.697357260156600461e-02
-8.379755744278729809e-03
-1.180776794594347659e-02
-2.341253603531166100e-02
-3.151229182730409806e-02
-3.860127100080047724e-02
-4.833650158753156900e-02
-5.532563903190951260e-02
-4.450877063030149461e-02
-5.066945117471707144e-02
-4.799185486326364158e-02
-4.992889406454227574e-02
-4.942029973340550386e-02
-5.359366873804374820e-02
-5.842649215028983961e-02
-5.568125714379024843e-02
-5.581376338589087022e-02
-6.592435793996809235e-02
-7.635157259779876138e-02
-8.598214558981262523e-02
-8.452332796248736291e-02
-8.167838499197224711e-02
-8.257420205047909245e-02
-6.754186969983728972e-02
-6.163779660194065868e-02
-4.816121426073844553e-02
-3.707833096556766017e-02
-4.729753448179326025e-02
-2.858379667158289852e-02
-1.535600911534077719e-02
-1.135195509994397708e-03
1.266134854306123943e-02
2.385086678399594984e-03
-1.046858079932209192e-03
-1.722889329958454674e-02
-1.769675132594899711e-02
-2.395876932120914390e-02
-4.616490257524227814e-02
-4.206812716935254270e-02
-6.341301427711247551e-02
-9.069162241571607219e-02
-1.199846485093482157e-01
-1.227054060016946058e-01
-1.656593785375032879e-01
-1.224677189259550381e-01
-3.884803985147039507e-02
-1.009513896265187838e-01
-9.678738827854944937e-02
1.472987849418341821e-01
1.358768458322054951e-01
1.219589871883679927e-01
3.658101613252766338e-02
2.550212040911173372e-02
-3.975769284407688897e-04
-1.306264647793609242e-03
-6.810130230973078513e-03
-3.950218837321326122e-03
-4.830387551441965230e-03
-7.961020737019087329e-03
-1.056349896197252003e-02
-1.079171523505155668e-02
-1.091951160307342780e-02
-1.133675705661937178e-02
-1.126505854645966712e-02
-1.126306104340756183e-02
-1.145801876585139829e-02
-1.151045807200180328e-02
-1.149560217956224588e-02
-1.153369707806949085e-02
-1.154532068226591171e-02
-1.153419801757011448e-02
-1.154653121478568106e-02
-1.155712694367698121e-02
-1.155452247951921016e-02
-1.155653602525907354e-02
-1.155990614983397509e-02
-1.155858614293587237e-02
-1.155878012965694777e-02
-1.156060171198402924e-02
-1.156053300393772645e-02
-1.156036788281066333e-02
-1.156098736180186798e-02
-1.156097089719214550e-02
-1.156079724370437725e-02
-1.156107667710314611e-02
-1.156116796972368396e-02
-1.156107765154774231e-02
-1.156116814837564004e-02
-1.156121745936705865e-02
-1.156116242716793800e-02
-1.156119459736260936e-02
-1.156123679114573824e-02
-1.156121522985884692e-02
0.000000000000000000e+00
