-9.810000000000001011e-03
-2.857882343678973952e-02
-4.654835125441524751e-02
-6.374311455321915454e-02
-8.019383409882610558e-02
-9.594756238361018541e-02
-1.110401970153854917e-01
-1.254680261492326088e-01
-1.392382527598471365e-01
-1.523958641321315755e-01
-1.649221188275492023e-01
-1.767524877722106147e-01
-1.878967914129544003e-01
-1.983147302744248108e-01
-2.078819686288230772e-01
-2.165841032974180069e-01
-2.244012872199160347e-01
-2.312090964638888746e-01
-2.370059971557269551e-01
-2.418855076543374449e-01
-2.458312889948292834e-01
-2.488260967898391074e-01
-2.510061394359470732e-01
-2.525469434054210538e-01
-2.535172455528507673e-01
-2.539225324431123032e-01
-2.538206828200934018e-01
-2.533491922829858578e-01
-2.526595136597137858e-01
-2.518471715361766949e-01
-2.509366518406602742e-01
-2.499133770200119009e-01
-2.487660112523009392e-01
-2.475113960361598475e-01
-2.461950081876542185e-01
-2.448751396235617495e-01
-2.436038186637047576e-01
-2.424138923712206017e-01
-2.413152548268319153e-01
-2.402985027120345118e-01
-2.393426030352449607e-01
-2.384234918406540615e-01
-2.375215496963546391e-01
-2.366268417655065237e-01
-2.357416519015080869e-01
-2.348802492777542217e-01
-2.340661401783417361e-01
-2.333273811485137850e-01
-2.326908884693640323e-01
-2.321770001899735314e-01
-2.317956771672232685e-01
-2.315455127150531922e-01
-2.314161235874289124e-01
-2.313937109442773254e-01
-2.314690274506654433e-01
-2.316472000363523909e-01
-2.319603759872310988e-01
-2.324876309739500047e-01
-2.333933748648454876e-01
-2.350091497368002325e-01
-2.380113164799014525e-01
-2.437851558074475289e-01
-2.549165060575974140e-01
-2.735375002744945827e-01
-2.857953145809878914e-01
-2.805167151045959706e-01
-2.994737053804489291e-01
-2.966326960078998765e-01
-3.068891734420401418e-01
-3.008388962924222199e-01
-3.166794315863568632e-01
-3.326410063639968495e-01
-3.518816229996440947e-01
-3.695568410063893028e-01
-3.650350893743736780e-01
-3.521403783231543683e-01
-3.410410698694678611e-01
-3.307274430618307726e-01
-3.208708307232158163e-01
-3.214462986048345905e-01
-3.342910919066428566e-01
-3.447114719674053696e-01
-3.473704642590325631e-01
-3.598692499079122475e-01
-3.821213137938265225e-01
-4.020042590160451401e-01
-4.071956531167105764e-01
-4.239832711715962876e-01
-4.440506531804223611e-01
-4.661942596506921666e-01
-4.882535021411444909e-01
-4.647797834993354638e-01
-4.739858043079912542e-01
-4.551360101138195446e-01
-4.363036046669985235e-01
-4.443575046285685448e-01
-4.320980613848145468e-01
-4.533050314990749174e-01
-4.372699356617881783e-01
-4.552849197188446606e-01
-4.562708743774027687e-01
-4.458578901789853055e-01
-4.514352242545168759e-01
-4.446356444812044617e-01
-4.378078821790502562e-01
-4.619004933021318982e-01
-4.859278260796471294e-01
-4.621719271491558922e-01
-4.829073526398549032e-01
-4.750992652898228807e-01
-4.529004200446704598e-01
-4.318287105384314706e-01
-4.227359431800493672e-01
-4.381440494439385880e-01
-4.354411495704381685e-01
-4.398895776649109357e-01
-4.128822567316566827e-01
-3.977853710858501590e-01
-3.802124394649586403e-01
-3.910747466700810193e-01
-3.658005416639226737e-01
-3.460820848344171030e-01
-3.711652105669186463e-01
-3.715692563637929546e-01
-3.615925419818397657e-01
-3.638803547947718764e-01
-3.921806757318988534e-01
-3.886600609017634156e-01
-4.288205734805749514e-01
-3.822171570197595569e-01
-4.076018296359379400e-01
-4.020711568827410320e-01
-3.948556572570627310e-01
-4.069255327807327349e-01
-3.530224904566986455e-01
-3.359159540878667860e-01
-3.110083481009131012e-01
-2.837043165179273796e-01
-2.793883630336456148e-01
-3.336510313509938874e-01
-3.031079489193410081e-01
-3.669494015384369145e-01
-3.994019274651008922e-01
-3.471311320493610242e-01
-3.824223560899982499e-01
-3.872789278601693197e-01
-3.575670100588340117e-01
-3.241204687150424091e-01
-4.338548635333528969e-01
-3.429411579263594856e-01
-4.191818408405204588e-01
-5.734138352164959151e-01
-4.753290670203795809e-01
-6.007182023661753467e-01
-3.276034135717216800e-01
-4.567291547021578024e-01
-4.331435873280679583e-01
-5.187000647076931426e-01
-5.031527491789067330e-01
-5.184953474650619842e-01
-5.354281442612269792e-01
-5.448924053842836290e-01
-5.682458890362297455e-01
-5.859078969860361807e-01
-6.006358140824604730e-01
-6.162214808868073934e-01
-6.354789242607963295e-01
-6.548666561314271384e-01
-6.737975165986916926e-01
-6.935283621288759193e-01
-7.130804615054795459e-01
-7.323371337214441557e-01
-7.518779294248643108e-01
-7.714960225118046022e-01
-7.910278697667590952e-01
-8.106297854569751715e-01
-8.302525806389140506e-01
-8.498338245835916904e-01
-8.694360935251280731e-01
-8.890572335154874883e-01
-9.086664128048169697e-01
-9.282801339213042624e-01
-9.479009168605327940e-01
-9.675164182825405357e-01
-9.871325272257099881e-01
-1.006752579056757080e+00
-1.026371256739380344e+00
-1.045989681311968456e+00
-1.065609697131324474e+00
-1.085229171854648733e+00
-1.104848289469188227e+00
-1.124468193326001453e+00
-1.144088046528729308e+00
-1.163707664993283819e+00
-1.183327603475517575e+00
-1.202947552298691214e+00
-1.222567346067951588e+00
-1.242187283758443561e+00
-1.261807273302564036e+00
0.000000000000000000e+00
