0.000000000000000000e+00
0.000000000000000000e+00
4.270126067826127964e-07
1.585207051675660329e-06
3.433345909027344982e-06
5.384957861911894954e-06
6.435617187391851456e-06
5.779375967383225500e-06
3.614666718498977435e-06
1.428876606389583954e-06
1.092631573670384861e-06
3.178370351671645936e-06
6.045464663795709744e-06
6.954559885748509826e-06
4.644738032643731991e-06
8.721584965096555880e-07
-8.140734442444924429e-07
1.745416144698251567e-06
7.205526933046251447e-06
1.149437692406594591e-05
1.086087595124411677e-05
4.567118847955947133e-06
-4.588207871626652585e-06
-1.185978039713279981e-05
-1.302736620122830639e-05
-6.191866389212049517e-06
7.709814600740682759e-06
2.543385451475970775e-05
4.256587792983168052e-05
5.477692155839686657e-05
5.878434864124429057e-05
5.285079978103593759e-05
3.687489310745734657e-05
1.219938616699037934e-05
-1.875227218997039465e-05
-5.291996823900459721e-05
-8.704994068873290883e-05
-1.180720468943467403e-04
-1.433766337276086021e-04
-1.609878992857464238e-04
-1.696510416641094107e-04
-1.688567988065538326e-04
-1.588236120473621399e-04
-1.404505575855738756e-04
-1.152475604825799606e-04
-8.524518209653103823e-05
-5.288490875264214452e-05
-2.089205642950979659e-05
7.863562925605173338e-06
3.051018463207738225e-05
4.430725823056577695e-05
4.675450483417219389e-05
3.566194162805726164e-05
9.167430406552709398e-06
-3.430949914714521987e-05
-9.618693115505131601e-05
-1.779213812350133317e-04
-2.812985621477487905e-04
-4.088222361825458347e-04
-5.642021441099912774e-04
-7.528979982936935718e-04
-9.824717376524195675e-04
-1.261632468996517565e-03
-1.593442759052703323e-03
-1.949191400225609022e-03
-2.248494279705208401e-03
-2.570266356519229807e-03
-2.912783929545592794e-03
-3.203201440762592361e-03
-3.555057188333632899e-03
-3.873557834450262489e-03
-4.145514186190650888e-03
-4.466299869222116123e-03
-4.808571868729281419e-03
-5.108025340070305662e-03
-5.478126424352516496e-03
-5.853690899768374326e-03
-6.206098987397542371e-03
-6.535654243050170384e-03
-6.869686817442800797e-03
-7.262698614012148141e-03
-7.597346750545113520e-03
-7.861623275929143992e-03
-8.057569206390837249e-03
-8.315610805212236487e-03
-8.566621149013664213e-03
-8.790740682905279213e-03
-8.936201895731120740e-03
-9.024028324858403977e-03
-9.141264556197863447e-03
-9.290907339738830109e-03
-9.403372711069446499e-03
-9.441015988937095926e-03
-9.569267885125794931e-03
-9.643599553871439259e-03
-9.681352964190174590e-03
-9.808573693108809180e-03
-9.842109352265831015e-03
-9.916084241589797135e-03
-1.004796910821277936e-02
-1.023616236709964759e-02
-1.031832470590600230e-02
-1.050168714026238764e-02
-1.060675859834971785e-02
-1.081662154549727431e-02
-1.092484692891724021e-02
-1.106001609114373903e-02
-1.122975181715939880e-02
-1.131354937460218694e-02
-1.143162705406162126e-02
-1.166575241441473836e-02
-1.198087533268777857e-02
-1.236688804269578390e-02
-1.285025305857110008e-02
-1.340350944889019506e-02
-1.384859715519320966e-02
-1.435529166694038058e-02
-1.483521021557301749e-02
-1.533449915621844066e-02
-1.582870215355249716e-02
-1.636463884093293519e-02
-1.694890376243583449e-02
-1.750571633387373871e-02
-1.806385396773264873e-02
-1.872309754713233007e-02
-1.948661327311031893e-02
-2.034643472900844394e-02
-2.119166800863331659e-02
-2.200845185855303948e-02
-2.283419387905782916e-02
-2.350961257605620192e-02
-2.412599054207561003e-02
-2.460760268468299358e-02
-2.497838599433866921e-02
-2.545136133915660084e-02
-2.573719930587243035e-02
-2.589075939702583859e-02
-2.590211135212578189e-02
-2.577549786669516840e-02
-2.575164699991117079e-02
-2.576211558071049221e-02
-2.593440451370633906e-02
-2.611137202696582962e-02
-2.635095972017792096e-02
-2.681260874593034346e-02
-2.723329001762386792e-02
-2.786742016039499281e-02
-2.877433638455215506e-02
-2.997418286964563874e-02
-3.120123692966258327e-02
-3.285783071503761699e-02
-3.408250790429716987e-02
-3.447098830281187382e-02
-3.548050219907706443e-02
-3.644837608186255601e-02
-3.497538823244421280e-02
-3.361661977412215563e-02
-3.239702990223847223e-02
-3.203121974091319851e-02
-3.177619853682207840e-02
-3.178017430610648869e-02
-3.179323695258442356e-02
-3.186133825489415733e-02
-3.190084044326737395e-02
-3.194914431878179140e-02
-3.202875452615198265e-02
-3.213438951577170938e-02
-3.224230666812222257e-02
-3.235150178415295563e-02
-3.246486935471915025e-02
-3.257751994018374952e-02
-3.269015055061782332e-02
-3.280473073827634006e-02
-3.291983531899635856e-02
-3.303479134079197882e-02
-3.315012831157267137e-02
-3.326558151839532906e-02
-3.338092349857103153e-02
-3.349638881071888979e-02
-3.361196008015565617e-02
-3.372750530495084720e-02
-3.384307066520343688e-02
-3.395866972670177897e-02
-3.407425558813113875e-02
-3.418984338942770984e-02
-3.430544940654754738e-02
-3.442105473658692294e-02
-3.453665841541502662e-02
-3.465226828903304745e-02
-3.476787799800496598e-02
-3.488348597044201027e-02
-3.499909673721304099e-02
-3.511470841691027855e-02
-3.523031919342575757e-02
-3.534593087490951052e-02
-3.546154304950318442e-02
-3.557715467377486201e-02
-3.569276661974848941e-02
-3.580837898765994870e-02
-3.592399113995854015e-02
