-0.000000000000000000e+00
-9.810000000000001282e-05
-3.838882343678974118e-04
-8.493717469120499195e-04
-1.486802892444241513e-03
-2.288741233432502447e-03
-3.248216857268604145e-03
-4.358618827422459409e-03
-5.613299088914785670e-03
-7.005681616513256826e-03
-8.529640257834572928e-03
-1.017886144611006467e-02
-1.194638632383217096e-02
-1.382535423796171434e-02
-1.580850154070596175e-02
-1.788732122699419197e-02
-2.005316225996837259e-02
-2.229717513216753280e-02
-2.460926609680642169e-02
-2.697932606836369110e-02
-2.939818114490706444e-02
-3.185649403485535380e-02
-3.434475500275374626e-02
-3.685481639711321589e-02
-3.938028583116742753e-02
-4.191545828669593354e-02
-4.445468361112705352e-02
-4.699289043932798615e-02
-4.952638236215784612e-02
-5.205297749875498203e-02
-5.457144921411674621e-02
-5.708081573252334756e-02
-5.957994950272346713e-02
-6.206760961524647457e-02
-6.454272357560807138e-02
-6.700467365748460913e-02
-6.945342505372022190e-02
-7.188946324035727642e-02
-7.431360216406948660e-02
-7.672675471233780797e-02
-7.912973973945815198e-02
-8.152316576981059881e-02
-8.390740068821714304e-02
-8.628261618518068277e-02
-8.864888460283575078e-02
-9.100630112185083276e-02
-9.335510361462837081e-02
-9.569576501641179067e-02
-9.802903882789693046e-02
-1.003559477125905708e-01
-1.026777177144903019e-01
-1.049956744861625380e-01
-1.073111296133130721e-01
-1.096252908491873596e-01
-1.119392279586301359e-01
-1.142539182331367836e-01
-1.165703902335003123e-01
-1.188899939933726196e-01
-1.212148703031121211e-01
-1.235488040517605801e-01
-1.258988955491285866e-01
-1.282790087139276114e-01
-1.307168602720020778e-01
-1.332660253325780586e-01
-1.360014003353230139e-01
-1.388593534811329022e-01
-1.416645206321788530e-01
-1.446592576859833390e-01
-1.476255846460623466e-01
-1.506944763804827503e-01
-1.537028653434069636e-01
-1.568696596592705217e-01
-1.601960697229104780e-01
-1.637148859529069245e-01
-1.674104543629708064e-01
-1.710608052567145487e-01
-1.745822090399460902e-01
-1.779926197386407782e-01
-1.812998941692590960e-01
-1.845086024764912569e-01
-1.877230654625396122e-01
-1.910659763816060508e-01
-1.945130911012800945e-01
-1.979867957438704307e-01
-2.015854882429495565e-01
-2.054067013808878184e-01
-2.094267439710482681e-01
-2.134987005022153661e-01
-2.177385332139313290e-01
-2.221790397457355515e-01
-2.268409823422424809e-01
-2.317235173636539303e-01
-2.363713151986472916e-01
-2.411111732417272058e-01
-2.456625333428653912e-01
-2.500255693895353515e-01
-2.544691444358210264e-01
-2.587901250496691952e-01
-2.633231753646599338e-01
-2.676958747212778156e-01
-2.722487239184662733e-01
-2.768114326622402865e-01
-2.812700115640301424e-01
-2.857843638065752923e-01
-2.902307202513873530e-01
-2.946087990731778294e-01
-2.992278040061991384e-01
-3.040870822669956008e-01
-3.087088015384871764e-01
-3.135378750648857293e-01
-3.182888677177839742e-01
-3.228178719182306922e-01
-3.271361590236149808e-01
-3.313635184554154511e-01
-3.357449589498548437e-01
-3.400993704455592126e-01
-3.444982662222083047e-01
-3.486270887895248638e-01
-3.526049425003833782e-01
-3.564070668950329868e-01
-3.603178143617338236e-01
-3.639758197783730664e-01
-3.674366406267172147e-01
-3.711482927323864200e-01
-3.748639852960243268e-01
-3.784799107158427489e-01
-3.821187142637904599e-01
-3.860405210211094729e-01
-3.899271216301271048e-01
-3.942153273649328660e-01
-3.980374989351304627e-01
-4.021135172314898587e-01
-4.061342288003172429e-01
-4.100827853728878924e-01
-4.141520407006952231e-01
-4.176822656052622262e-01
-4.210414251461409019e-01
-4.241515086271500090e-01
-4.269885517923293072e-01
-4.297824354226657539e-01
-4.331189457361757089e-01
-4.361500252253691090e-01
-4.398195192407534648e-01
-4.438135385154044488e-01
-4.472848498358980573e-01
-4.511090733967980659e-01
-4.549818626753997508e-01
-4.585575327759880970e-01
-4.617987374631385422e-01
-4.661372860984720479e-01
-4.695666976777356227e-01
-4.737585160861408351e-01
-4.794926544383057987e-01
-4.842459451085096012e-01
-4.902531271321713402e-01
-4.935291612678885387e-01
-4.980964528149101067e-01
-5.024278886881907713e-01
-5.076148893352676605e-01
-5.126464168270566946e-01
-5.178313703017073388e-01
-5.231856517443196353e-01
-5.286345757981624205e-01
-5.343170346885247612e-01
-5.401761136583851375e-01
-5.461824717992097566e-01
-5.523446866080777840e-01
-5.586994758506858005e-01
-5.652481424120000542e-01
-5.719861175779870077e-01
-5.789214011992758202e-01
-5.860522058143305957e-01
-5.933755771515449862e-01
-6.008943564457935871e-01
-6.086093166709116709e-01
-6.165195953685792540e-01
-6.246258932231489869e-01
-6.329284190295381141e-01
-6.414267572753740154e-01
-6.501211182106253483e-01
-6.590116905457802376e-01
-6.680983546738283874e-01
-6.773811560130413856e-01
-6.868601651816467202e-01
-6.965353293644721555e-01
-7.064066546367292476e-01
-7.164741804272968251e-01
-7.267378929946906041e-01
-7.371977898078102553e-01
-7.478538867791234557e-01
-7.587061784976699697e-01
-7.697546613923618164e-01
-7.809993433256218198e-01
-7.924402237909090596e-01
-8.040773004408419133e-01
-8.159105764755970602e-01
-8.279400519985840035e-01
-8.401657254592634905e-01
-8.525875982968479372e-01
-8.652056710298735576e-01
