1.000000000000000056e-01
9.980829870640245405e-02
9.848705727062909143e-02
9.498399685015355975e-02
8.839599415357853041e-02
7.807072246206497868e-02
6.372495644250808500e-02
4.555454940645106698e-02
2.430461728189303033e-02
1.267329045260855158e-03
-2.181653066161878818e-02
-4.295542903862246964e-02
-6.017902941494993746e-02
-7.183253462838640191e-02
-7.682927622935181722e-02
-7.480490794025339285e-02
-6.614141465410916521e-02
-5.186240926297330106e-02
-3.343231853646348034e-02
-1.251201902363678620e-02
9.273250234764208316e-03
3.051105537178809904e-02
5.010431707286405051e-02
6.730233836495481958e-02
8.167833643830908763e-02
9.307631932291129950e-02
1.015473030867388299e-01
1.072885222736288391e-01
1.105928193600160814e-01
1.118105128424874972e-01
1.113230783346359498e-01
1.095265696136591832e-01
1.068223096243270109e-01
1.036125258434079099e-01
1.002989742688313313e-01
9.728301369471786808e-02
9.496597492776313876e-02
9.374899309552657545e-02
9.403173903455033789e-02
9.620971348242715604e-02
1.006699730961410078e-01
1.077853550619123219e-01
1.179074671691214687e-01
1.313589169837407200e-01
1.484254660945049931e-01
1.693490078422168754e-01
1.943224713735642040e-01
2.234879433914896685e-01
2.569394683177536054e-01
2.947321456352256508e-01
3.368993184729842105e-01
3.834799023037123722e-01
4.345583505366326094e-01
4.903205829309139618e-01
5.511307051503782084e-01
6.176359500923642720e-01
6.909115364685706195e-01
7.726636084257615389e-01
8.655168235862158443e-01
9.734194211597149149e-01
1.102184735214035705e+00
1.260092008307344136e+00
1.458115615043173108e+00
1.708425307211694610e+00
2.018655470379590700e+00
2.382623689722961124e+00
2.782521891399652336e+00
3.221430947001679534e+00
3.774075886918497602e+00
4.641504560088466569e+00
6.039849462902782129e+00
7.689202516718054881e+00
9.407081597125312555e+00
1.136808532410235095e+01
1.380119542344846195e+01
1.632949704941344393e+01
1.930392524836120316e+01
2.260635038144642550e+01
2.636224463095291171e+01
3.047571262252156288e+01
3.501002927215883886e+01
3.989629292959306639e+01
4.540123052604653964e+01
5.197016085768355254e+01
5.969512069996276438e+01
6.819066656771619250e+01
7.776602333572478187e+01
8.792121552324729805e+01
9.908647646686708299e+01
1.130685332640941425e+02
1.284651801516519072e+02
1.457663287204658786e+02
1.678749886933783557e+02
1.991646621202002621e+02
2.365652818734798188e+02
2.828215703855038328e+02
3.374335093926306399e+02
4.004298246179310468e+02
4.743922340090558691e+02
5.576328161156404803e+02
6.500457158340427668e+02
7.460797620425781815e+02
8.422777163227160599e+02
9.384712523006857054e+02
1.034664568428165012e+03
1.130858225791216682e+03
1.227051782303540904e+03
1.323245356632748553e+03
1.419438933591758769e+03
1.515632506633558023e+03
1.611826081696814754e+03
1.708019656214056113e+03
1.804213230642907320e+03
1.900406805298959625e+03
1.996600379792649846e+03
2.092793954349983778e+03
2.188987528911848585e+03
2.285181103443198936e+03
2.381374678002086966e+03
2.477568252548004693e+03
2.573761827093711872e+03
2.669955401646057453e+03
2.766148976191710062e+03
2.862342550740862862e+03
2.958536125289906977e+03
3.054729699837152566e+03
3.150923274386411777e+03
3.247116848934489553e+03
3.343310423482701935e+03
3.439503998031472292e+03
3.535697572579524149e+03
3.631891147128053944e+03
3.728084721676486879e+03
3.824278296224724727e+03
3.920471870773254523e+03
4.016665445321568768e+03
4.112859019869943950e+03
4.209052594418391891e+03
4.305246168966711593e+03
4.401439743515134978e+03
4.497633318063521074e+03
4.593826892611879884e+03
4.690020467160298722e+03
4.786214041708663899e+03
4.882407616257052723e+03
4.978601190805450642e+03
5.074794765353819457e+03
5.170988339902217376e+03
5.267181914450600743e+03
5.363375488998981382e+03
5.459569063547376572e+03
5.555762638095755392e+03
5.651956212644144216e+03
5.748149787192533040e+03
5.844343361740913679e+03
5.940536936289304322e+03
6.036730510837688598e+03
6.132924085386073784e+03
6.229117659934462608e+03
6.325311234482845975e+03
6.421504809031232980e+03
6.517698383579619076e+03
6.613891958128003353e+03
6.710085532676391267e+03
6.806279107224776453e+03
6.902472681773162549e+03
6.998666256321549554e+03
7.094859830869934740e+03
7.191053405418321745e+03
7.287246979966707841e+03
7.383440554515093027e+03
7.479634129063480032e+03
7.575827703611865218e+03
7.672021278160251313e+03
7.768214852708637409e+03
7.864408427257022595e+03
7.960602001805408690e+03
8.056795576353794786e+03
8.152989150902180882e+03
8.249182725450567887e+03
8.345376299998953982e+03
8.441569874547340078e+03
8.537763449095726173e+03
8.633957023644112269e+03
8.730150598192498364e+03
8.826344172740884460e+03
8.922537747289270555e+03
9.018731321837656651e+03
9.114924896386042747e+03
9.211118470934428842e+03
9.307312045482814938e+03
9.403505620031201033e+03
9.499699194579587129e+03
9.595892769127973224e+03
9.692086343676359320e+03
9.788279918224745416e+03
9.884473492773131511e+03
9.980667067321517607e+03
1.007686064186990370e+04
1.017305421641828980e+04
