0.000000000000000000e+00
-5.725454841559012020e-02
-2.245962078622190106e-01
-4.911691605961870932e-01
-8.374260442179208841e-01
-1.232471332588819468e+00
-1.633513928336207899e+00
-1.988191622498518107e+00
-2.240228586882034634e+00
-2.338112544608741850e+00
-2.245315243160164176e+00
-1.949471574760189396e+00
-1.467565837145626606e+00
-8.450132672420405111e-01
-1.483582909475373857e-01
5.466785871679674669e-01
1.168721211113901814e+00
1.662434582462641641e+00
1.995713816710070088e+00
2.161151665146685552e+00
2.172342528179167509e+00
2.056987227008012287e+00
1.849251869262597658e+00
1.583354494854067873e+00
1.289355619560347499e+00
9.911842171140134994e-01
7.063706114911547651e-01
4.468030546158228145e-01
2.199255973905368533e-01
2.998722550936960829e-02
-1.208673799589963793e-01
-2.317466643973173368e-01
-3.024066361480373111e-01
-3.328612212436905526e-01
-3.231671631375737652e-01
-2.733426771243686604e-01
-1.833844369542522723e-01
-5.335353484082602793e-02
1.164940622789875369e-01
3.255539286898879170e-01
5.727164085037428354e-01
8.562264302703711527e-01
1.173580226516969027e+00
1.521479972830056981e+00
1.895867706819953868e+00
2.292059516971600708e+00
2.704999762700720289e+00
3.129653210093813698e+00
3.561551190278405610e+00
3.997507746237371595e+00
4.436525880896269314e+00
4.880926624685516302e+00
5.337760895115224002e+00
5.820614849082313746e+00
6.352005639834994000e+00
6.966700721881657010e+00
7.716490470582208161e+00
8.677176877971140456e+00
9.958639445038503624e+00
1.171810403317114435e+01
1.417276798347684874e+01
1.759360012950561369e+01
2.222192259525094471e+01
2.798309111264810412e+01
3.396355130644380438e+01
3.848457815410410632e+01
4.147073934653261063e+01
4.749756557721006089e+01
6.639131717111644093e+01
1.122118625499064422e+02
1.605313397870823167e+02
1.679172913620632528e+02
1.757331922977051306e+02
2.267034300944386871e+02
2.492321325343190210e+02
2.622060186836339994e+02
3.256388688195132204e+02
3.436250577504560511e+02
4.007659675199338380e+02
4.330138353056294704e+02
4.666810779501147408e+02
5.036319555646667254e+02
5.996175511340479716e+02
7.146550812339320373e+02
8.357088035483390058e+02
8.882978496971745699e+02
1.002473276531520355e+03
1.033481130934660769e+03
1.242003481732055207e+03
1.507243211666328307e+03
1.566010392855303962e+03
1.910702547044753373e+03
2.670846448851930745e+03
3.419039910636024160e+03
3.817948071752871783e+03
5.285393244622678139e+03
5.777888052843475634e+03
6.489166345466797793e+03
7.977876558818134072e+03
8.656242503827179462e+03
9.578775756741775695e+03
9.620375577310098379e+03
9.619016676088982422e+03
9.619360811026832380e+03
9.619371750844265989e+03
9.619350311895670529e+03
9.619359433751720644e+03
9.619357315965156886e+03
9.619357170658582618e+03
9.619357690737102530e+03
9.619357340021762866e+03
9.619357480872164160e+03
9.619357470297232794e+03
9.619357430322486834e+03
9.619357472140905884e+03
9.619357448392198421e+03
9.619357453375199839e+03
9.619357459364811803e+03
9.619357450898605748e+03
9.619357456657742659e+03
9.619357454946868529e+03
9.619357453761505894e+03
9.619357455947705603e+03
9.619357454213968595e+03
9.619357454904002225e+03
9.619357455129938899e+03
9.619357454465105548e+03
9.619357455092078453e+03
9.619357454776369195e+03
9.619357454750683246e+03
9.619357454982093259e+03
9.619357454726010474e+03
9.619357454878165299e+03
9.619357454865952604e+03
9.619357454779339605e+03
9.619357454891607631e+03
9.619357454814729863e+03
9.619357454831191717e+03
9.619357454864297324e+03
9.619357454812177821e+03
9.619357454853046875e+03
9.619357454839562706e+03
9.619357454827026231e+03
9.619357454852337469e+03
9.619357454829845665e+03
9.619357454839537240e+03
9.619357454843868254e+03
9.619357454831260839e+03
9.619357454843981031e+03
9.619357454837270780e+03
9.619357454836237594e+03
9.619357454842633160e+03
9.619357454835244425e+03
9.619357454839811908e+03
9.619357454839626371e+03
9.619357454836352190e+03
9.619357454840699575e+03
9.619357454837638215e+03
9.619357454838213016e+03
9.619357454839850107e+03
9.619357454837279874e+03
9.619357454839337151e+03
9.619357454838684134e+03
9.619357454837907426e+03
9.619357454839446291e+03
9.619357454838049307e+03
9.619357454838645936e+03
9.619357454838987906e+03
9.619357454838058402e+03
9.619357454839002457e+03
9.619357454838514968e+03
9.619357454838393096e+03
9.619357454838946069e+03
9.619357454838314879e+03
9.619357454838698686e+03
9.619357454838704143e+03
9.619357454838382182e+03
9.619357454838807826e+03
9.619357454838507692e+03
9.619357454838556805e+03
9.619357454838742342e+03
9.619357454838454942e+03
9.619357454838684134e+03
9.619357454838618651e+03
9.619357454838514968e+03
9.619357454838707781e+03
9.619357454838536796e+03
9.619357454838604099e+03
9.619357454838655030e+03
9.619357454838529520e+03
9.619357454838655030e+03
9.619357454838591366e+03
9.619357454838571357e+03
9.619357454838653211e+03
9.619357454838558624e+03
9.619357454838615013e+03
9.619357454838618651e+03
9.619357454838564081e+03
9.619357454838633203e+03
9.619357454838585909e+03
