0.000000000000000000e+00
2.102554581157273315e-05
8.248124277209276491e-05
1.804183433834679608e-04
3.077983518317626947e-04
4.535754353470996311e-04
6.024622504652553130e-04
7.355478096493253638e-04
8.318416416609431766e-04
8.706379908923812284e-04
8.343695108971344466e-04
7.114525485355412127e-04
4.986243411278600381e-04
2.024496499733466283e-04
-1.601037992476201624e-04
-5.620385070017703752e-04
-9.677626406972604858e-04
-1.335792832288734818e-03
-1.622761994768764666e-03
-1.788293809615287833e-03
-1.799791584318079186e-03
-1.636025396173295711e-03
-1.288747773114534874e-03
-7.622214307032600502e-04
-7.113225258401003216e-05
7.623606690687558148e-04
1.711728887194684723e-03
2.748847377066552904e-03
3.846204477301860564e-03
4.978510764140597379e-03
6.123779830604387554e-03
7.263997606173357505e-03
8.385498334954088681e-03
9.479146350061407739e-03
1.054039742801535923e-02
1.156928919232402819e-02
1.257038976231678040e-02
1.355271818039015599e-02
1.452963854173055722e-02
1.551872126226246790e-02
1.654155864520689967e-02
1.762351718969521960e-02
1.879340567696548628e-02
2.008303622546135994e-02
2.152665599200491789e-02
2.316023112689213556e-02
2.502057301231276620e-02
2.714431000022904036e-02
2.956672440761788298e-02
3.232049041147162793e-02
3.543435643750227765e-02
3.893180482595424985e-02
4.282967732740646655e-02
4.713665739096483537e-02
5.185131904014122356e-02
5.695913449694200992e-02
6.242727757944906142e-02
6.819507331957200269e-02
7.415618128494738670e-02
8.012558399362476602e-02
8.578017963301497184e-02
9.056014113532800947e-02
9.354070114298540517e-02
9.340404972200483380e-02
8.895536869974272898e-02
8.066852759996681610e-02
7.187758641565712703e-02
6.677221132605117015e-02
6.719933090354868188e-02
7.000384630195957691e-02
6.832162050397955211e-02
7.573350047927880635e-02
6.874480724324966152e-02
6.831260143930167894e-02
7.433165891744998588e-02
6.737245523009151305e-02
6.931720507477411031e-02
6.467851892832834904e-02
6.793538258086724568e-02
6.168572910776535384e-02
6.332917825417233582e-02
6.869194941643559649e-02
6.695035272248091307e-02
6.224310709396339153e-02
6.753311158071184650e-02
7.507765976041608225e-02
5.379664867103040038e-02
6.657875733059930023e-02
9.609058326965197461e-02
1.321577367978187256e-01
1.385027847964723224e-01
8.672296296061385301e-02
1.247473485117534114e-01
3.159309871845686346e-01
1.513180801472260029e-01
-1.516991122802734682e-01
-2.401717512796607279e-01
-3.228736910506616042e-01
-9.471270205138565546e-02
3.102708412424190487e-02
-6.981205840338605695e-02
-7.451915232386760457e-02
-7.304743864892988825e-02
-7.283265405080457944e-02
-7.280311301273581504e-02
-7.280544821976185632e-02
-7.280295636692488137e-02
-7.280304652220268014e-02
-7.280302738466915002e-02
-7.280292843788431500e-02
-7.280295923522364654e-02
-7.280294143941389018e-02
-7.280293954161166925e-02
-7.280294237623873010e-02
-7.280293843517744723e-02
-7.280293988382345594e-02
-7.280293943448641614e-02
-7.280293891741201895e-02
-7.280293940020003685e-02
-7.280293903154180790e-02
-7.280293910138226077e-02
-7.280293915634714064e-02
-7.280293903562047586e-02
-7.280293911445470667e-02
-7.280293907981290336e-02
-7.280293906678560190e-02
-7.280293909409421560e-02
-7.280293906721208019e-02
-7.280293907896752403e-02
-7.280293907958806932e-02
-7.280293907064941394e-02
-7.280293907961737920e-02
-7.280293907419833899e-02
-7.280293907450652302e-02
-7.280293907726212432e-02
-7.280293907366626460e-02
-7.280293907600572656e-02
-7.280293907548754384e-02
-7.280293907452327351e-02
-7.280293907598990588e-02
-7.280293907485844984e-02
-7.280293907522827901e-02
-7.280293907555178412e-02
-7.280293907491064420e-02
-7.280293907547656651e-02
-7.280293907523945063e-02
-7.280293907514436003e-02
-7.280293907543883281e-02
-7.280293907515203444e-02
-7.280293907530707709e-02
-7.280293907532960074e-02
-7.280293907519744256e-02
-7.280293907535435871e-02
-7.280293907526165509e-02
-7.280293907526916297e-02
-7.280293907533427755e-02
-7.280293907525214880e-02
-7.280293907531236453e-02
-7.280293907530197006e-02
-7.280293907527411734e-02
-7.280293907532107978e-02
-7.280293907528551101e-02
-7.280293907529834796e-02
-7.280293907531180941e-02
-7.280293907528702368e-02
-7.280293907531078246e-02
-7.280293907530135944e-02
-7.280293907529680753e-02
-7.280293907531165676e-02
-7.280293907529751529e-02
-7.280293907530550890e-02
-7.280293907530742403e-02
-7.280293907529976349e-02
-7.280293907530918651e-02
-7.280293907530384356e-02
-7.280293907530417663e-02
-7.280293907530872854e-02
-7.280293907530314967e-02
-7.280293907530743791e-02
-7.280293907530684117e-02
-7.280293907530464848e-02
-7.280293907530846487e-02
-7.280293907530563380e-02
-7.280293907530663300e-02
-7.280293907530795139e-02
-7.280293907530571706e-02
-7.280293907530786812e-02
-7.280293907530709097e-02
-7.280293907530659137e-02
-7.280293907530809017e-02
-7.280293907530668851e-02
-7.280293907530749342e-02
-7.280293907530774322e-02
-7.280293907530689668e-02
-7.280293907530796527e-02
-7.280293907530738240e-02
-7.280293907530739628e-02
-7.280293907530797914e-02
-7.280293907530729913e-02
-7.280293907530781261e-02
