0.000000000000000000e+00
-1.920048537500382291e-02
-3.758566614454968841e-02
-5.518942920596266177e-02
-7.204301740150717559e-02
-8.817471591737618963e-02
-1.036097142289417461e-01
-1.183699665514859334e-01
-1.324736553022031749e-01
-1.459337242340978114e-01
-1.587551019181334400e-01
-1.709308064783263692e-01
-1.824379728881508345e-01
-1.932355577060401175e-01
-2.032655766701013667e-01
-2.124589891256397078e-01
-2.207459180615224947e-01
-2.280682657111880729e-01
-2.343916137974664249e-01
-2.397132069058292014e-01
-2.440640165388886784e-01
-2.475048786629369113e-01
-2.501185044717265105e-01
-2.519999731117001374e-01
-2.532480019614314348e-01
-2.539583311248347353e-01
-2.542195620052085658e-01
-2.541111224743152208e-01
-2.537027552208638292e-01
-2.530549276260659619e-01
-2.522196947432590597e-01
-2.512417068060804892e-01
-2.501591875112708641e-01
-2.490048048586805396e-01
-2.478064167899450831e-01
-2.465877091156812584e-01
-2.453687624854031801e-01
-2.441665949071829544e-01
-2.429957301977454243e-01
-2.418688421723625415e-01
-2.407975193841408734e-01
-2.397931851284775540e-01
-2.388681915776887932e-01
-2.380370853168328193e-01
-2.373180155799749225e-01
-2.367342294693599025e-01
-2.363155760774811598e-01
-2.360999317310855661e-01
-2.361344710907409827e-01
-2.364767531235331954e-01
-2.371956745207172146e-01
-2.383724695871533017e-01
-2.401021041280425317e-01
-2.424956170166408798e-01
-2.456841996359797886e-01
-2.498260523574774572e-01
-2.551172509054454585e-01
-2.618077385282752689e-01
-2.702222592045184224e-01
-2.807807968912434116e-01
-2.939957050508054115e-01
-3.103715982705216869e-01
-3.300080073293217842e-01
-3.515197006320444073e-01
-3.702081874860028154e-01
-3.779327757918719555e-01
-3.695434501235645430e-01
-3.512238528256305670e-01
-3.398826804740333607e-01
-3.572437518277949975e-01
-3.718193070939032618e-01
-3.659073356644882979e-01
-3.685311762904987520e-01
-3.785598422880618319e-01
-3.676483350488501389e-01
-3.638568091321993103e-01
-3.834264340773939628e-01
-3.881679122310371932e-01
-3.966813041821765640e-01
-3.793775498849132344e-01
-3.990883244889838477e-01
-3.752560027214850158e-01
-4.340101917307841450e-01
-5.013227284612518098e-01
-5.325063315855570467e-01
-5.431308345440497565e-01
-5.444436480520754573e-01
-5.410593257270346346e-01
-6.241062097827088095e-01
-7.213391570928939789e-01
-7.176272256390139326e-01
-9.416393686702121402e-01
-1.506234538812147417e+00
-1.814651191686289078e+00
-1.498018572689870265e+00
-2.898344164844936177e+00
-2.513335371398275342e+00
-3.359145772814879471e+00
-3.969596644678252240e+00
-3.684392249876002889e+00
-3.934747882701541410e+00
-3.798219804069360883e+00
-3.813899030929660317e+00
-3.833104993492983059e+00
-3.852598231477568191e+00
-3.872207379353486800e+00
-3.891820752412094464e+00
-3.911438361909072459e+00
-3.931058007059160531e+00
-3.950677532539978110e+00
-3.970297405193266460e+00
-3.989917351532957124e+00
-4.009537290213100569e+00
-4.029157278760314043e+00
-4.048777263897472167e+00
-4.068397254176778333e+00
-4.088017251802643415e+00
-4.107637247205093267e+00
-4.127257245604146085e+00
-4.146877244494596937e+00
-4.166497243128666206e+00
-4.186117242818769846e+00
-4.205737242238709150e+00
-4.225357241875286718e+00
-4.244977241746037855e+00
-4.264597241478815803e+00
-4.284217241392663134e+00
-4.303837241301420313e+00
-4.323457241197678158e+00
-4.343077241172038860e+00
-4.362697241112266866e+00
-4.382317241079049630e+00
-4.401937241062157113e+00
-4.421557241030156682e+00
-4.441177241020744404e+00
-4.460797241006411618e+00
-4.480417240992643713e+00
-4.500037240988626230e+00
-4.519657240978429691e+00
-4.539277240973676797e+00
-4.558897240970154918e+00
-4.578517240964410817e+00
-4.598137240962848260e+00
-4.617757240959641685e+00
-4.637377240957097690e+00
-4.656997240956147976e+00
-4.676617240953818921e+00
-4.696237240952912728e+00
-4.715857240951937257e+00
-4.735477240950618061e+00
-4.755097240950260762e+00
-4.774717240949364339e+00
-4.794337240948783219e+00
-4.813957240948486316e+00
-4.833577240947843912e+00
-4.853197240947631386e+00
-4.872817240947306061e+00
-4.892437240946950539e+00
-4.912057240946843706e+00
-4.931677240946551244e+00
-4.951297240946398226e+00
-4.970917240946286952e+00
-4.990537240946084196e+00
-5.010157240946024437e+00
-5.029777240945902506e+00
-5.049397240945794785e+00
-5.069017240945754565e+00
-5.088637240945648621e+00
-5.108257240945603073e+00
-5.127877240945555748e+00
-5.147497240945486219e+00
-5.167117240945466428e+00
-5.186737240945415550e+00
-5.206357240945379772e+00
-5.225977240945361757e+00
-5.245597240945320650e+00
-5.265217240945306187e+00
-5.284837240945284620e+00
-5.304457240945258611e+00
-5.324077240945250367e+00
-5.343697240945227911e+00
-5.363317240945215225e+00
-5.382937240945206092e+00
-5.402557240945188965e+00
-5.422177240945183385e+00
-5.441797240945172476e+00
-5.461417240945162455e+00
-5.481037240945158651e+00
-5.500657240945148629e+00
-5.520277240945143937e+00
-5.539897240945139245e+00
-5.559517240945131888e+00
-5.579137240945129861e+00
-5.598757240945124281e+00
-5.618377240945120477e+00
-5.637997240945118449e+00
-5.657617240945113757e+00
-5.677237240945111729e+00
-5.696857240945108813e+00
-5.716477240945105898e+00
