0.000000000000000000e+00
7.039830092158997425e-08
5.556020622712587951e-07
1.842203263508798500e-06
4.262847377635741736e-06
8.060254474781764359e-06
1.334532867332033948e-05
2.005707627244490416e-05
2.793334118685045494e-05
3.650126714540519808e-05
4.509421091408252362e-05
5.289758872231211664e-05
5.902098761052769488e-05
6.258965490458765250e-05
6.284641246284300182e-05
5.925461698908201635e-05
5.159223182135381049e-05
4.002536319824088877e-05
2.514812008966086206e-05
7.977474728754498068e-06
-1.010111363951692195e-05
-2.743080472317609253e-05
-4.220689266624064477e-05
-5.260587141865766692e-05
-5.690115449380541985e-05
-5.355296921380840443e-05
-4.126747051096089789e-05
-1.902617386363679577e-05
1.390963022868333933e-05
5.801353326082428019e-05
1.135220291394484378e-04
1.804711839929320561e-04
2.587384405672920685e-04
3.480871390687093644e-04
4.482122025499350737e-04
5.587860487289771517e-04
6.795041796678164773e-04
8.101301106988798018e-04
9.505393742658533630e-04
1.100762308937453015e-03
1.261025245300313952e-03
1.431789547318291968e-03
1.613787774011737073e-03
1.808056005886358834e-03
2.015961152509766242e-03
2.239221850715301162e-03
2.479921417100148205e-03
2.740511281063814312e-03
3.023803438006603030e-03
3.332950742455027468e-03
3.671414267732248278e-03
4.042917361899627492e-03
4.451386171684021051e-03
4.900875858921198772e-03
5.395479825529382600e-03
5.939214920495439372e-03
6.535867012318591351e-03
7.188765230697131275e-03
7.900423717006554991e-03
8.671936737048455135e-03
9.501922803993203062e-03
1.038468615647323949e-02
1.130720689731346852e-02
1.224513454501979098e-02
1.316070216003098654e-02
1.401099036088803741e-02
1.477225545220073669e-02
1.546115200552477392e-02
1.612663514620516630e-02
1.681465759764466314e-02
1.750512956808172177e-02
1.822432121215502437e-02
1.895445849344775530e-02
1.963547150486766660e-02
2.034220490678446264e-02
2.105748500653916930e-02
2.172818341089565591e-02
2.241275835640751252e-02
2.306685238038871932e-02
2.371645097097996313e-02
2.435675542718273787e-02
2.501595659351751183e-02
2.568556483421100683e-02
2.634186783241698401e-02
2.701403064994396461e-02
2.768147805959306901e-02
2.836004954838977979e-02
2.890415725148851381e-02
2.973095949554308004e-02
3.083200599715932300e-02
3.232093514127352962e-02
3.338399954195526986e-02
3.422129757069107547e-02
3.588936398488482005e-02
3.799910186934508938e-02
3.679837506268944514e-02
3.593747766233044288e-02
3.280772654660280008e-02
3.051185623501369293e-02
2.989815088648575120e-02
2.944174194748164566e-02
2.856982227640003993e-02
2.783230626662662813e-02
2.710382644850174022e-02
2.637559627598208903e-02
2.564756416343315013e-02
2.491952564615283749e-02
2.419149404844328152e-02
2.346346440021629745e-02
2.273543450270474123e-02
2.200740504555352695e-02
2.127937559341413348e-02
2.055134615815304086e-02
1.982331676167825921e-02
1.909528735711182520e-02
1.836725796190141757e-02
1.763922856919182200e-02
1.691119917537423079e-02
1.618316978422079666e-02
1.545514039259552122e-02
1.472711100123446845e-02
1.399908161041774415e-02
1.327105221932144835e-02
1.254302282848608445e-02
1.181499343767951696e-02
1.108696404681673228e-02
1.035893465606675494e-02
9.630905265273695740e-03
8.902875874497508460e-03
8.174846483748535522e-03
7.446817092974904358e-03
6.718787702223082137e-03
5.990758311468447929e-03
5.262728920708688481e-03
4.534699529959755442e-03
3.806670139203860957e-03
3.078640748450683483e-03
2.350611357699751609e-03
1.622581966945099404e-03
8.945525761937241993e-04
1.665231854411341464e-04
-5.615062053120881049e-04
-1.289535596063731216e-03
-2.017564986816871610e-03
-2.745594377569354760e-03
-3.473623768321689592e-03
-4.201653159074754743e-03
-4.929682549827136412e-03
-5.657711940579938752e-03
-6.385741331332805276e-03
-7.113770722085386439e-03
-7.841800112838359649e-03
-8.569829503591135100e-03
-9.297858894343946981e-03
-1.002588828509692540e-02
-1.075391767584973207e-02
-1.148194706660268967e-02
-1.220997645735563686e-02
-1.293800584810853201e-02
-1.366603523886154338e-02
-1.439406462961448536e-02
-1.512209402036746204e-02
-1.585012341112047862e-02
-1.657815280187344836e-02
-1.730618219262647361e-02
-1.803421158337948499e-02
-1.876224097413248942e-02
-1.949027036488553202e-02
-2.021829975563855034e-02
-2.094632914639158600e-02
-2.167435853714463206e-02
-2.240238792789766425e-02
-2.313041731865071726e-02
-2.385844670940376333e-02
-2.458647610015681287e-02
-2.531450549090987281e-02
-2.604253488166292235e-02
-2.677056427241598230e-02
-2.749859366316904571e-02
-2.822662305392210219e-02
-2.895465244467516908e-02
-2.968268183542823249e-02
-3.041071122618129938e-02
-3.113874061693436973e-02
-3.186677000768743662e-02
-3.259479939844051044e-02
-3.332282878919358426e-02
-3.405085817994665115e-02
-3.477888757069972497e-02
-3.550691696145279880e-02
-3.623494635220587262e-02
-3.696297574295894645e-02
-3.769100513371202027e-02
-3.841903452446509409e-02
-3.914706391521816792e-02
-3.987509330597124174e-02
-4.060312269672431557e-02
-4.133115208747738939e-02
-4.205918147823046321e-02
-4.278721086898353704e-02
