-0.000000000000000000e+00
-9.669673033342582650e-05
-3.812925879335137035e-04
-8.458059721656394775e-04
-1.482581275243729461e-03
-2.284260704353739593e-03
-3.243753918230353993e-03
-4.354206514400520665e-03
-5.608965547539571453e-03
-7.001535459361831262e-03
-8.525512918110104282e-03
-1.017448779501574883e-02
-1.194190358347423965e-02
-1.382088487606901971e-02
-1.580405821641809455e-02
-1.788340816772206535e-02
-2.005021485174682955e-02
-2.229510786494562358e-02
-2.460824556493346887e-02
-2.697959609789490551e-02
-2.939926955495122257e-02
-3.185784031058656179e-02
-3.434660811351434445e-02
-3.685776952311884541e-02
-3.938449659789747953e-02
-4.192093817958431057e-02
-4.446216733771415908e-02
-4.700409826705825855e-02
-4.954339098310175243e-02
-5.207735596583475124e-02
-5.460386549231376063e-02
-5.712127451879372292e-02
-5.962835159206477526e-02
-6.212421904238963483e-02
-6.460830125608174601e-02
-6.708027984143448419e-02
-6.954005478324068457e-02
-7.198771110355965674e-02
-7.442349103490260298e-02
-7.684777221651356571e-02
-7.926105290142751447e-02
-8.166394556415937367e-02
-8.405718057168044821e-02
-8.644162166542572467e-02
-8.881829484744481473e-02
-9.118843184050029471e-02
-9.355352861595589431e-02
-9.591541863955427294e-02
-9.827635964730618845e-02
-1.006391322024474816e-01
-1.030071483575144553e-01
-1.053845698675638098e-01
-1.077764379995972827e-01
-1.101888214601168398e-01
-1.126289956609656667e-01
-1.151056756954589727e-01
-1.176293368663028222e-01
-1.202126688392445575e-01
-1.228712158937552007e-01
-1.256242332490677682e-01
-1.284956648344787733e-01
-1.315147076113903635e-01
-1.347141369003770628e-01
-1.381215923177279425e-01
-1.417357301793743252e-01
-1.454888200589373182e-01
-1.492388026774600085e-01
-1.528449915367733614e-01
-1.562849190108467345e-01
-1.597425998275336656e-01
-1.634321254302416315e-01
-1.670840353485245067e-01
-1.707990188532469422e-01
-1.744871655726503157e-01
-1.782304410069876222e-01
-1.819083707147053641e-01
-1.856618575412864180e-01
-1.895026527974462971e-01
-1.934009080148156035e-01
-1.972803273688265857e-01
-2.012232491417801361e-01
-2.050718104032130673e-01
-2.090872094204158649e-01
-2.137683650399342106e-01
-2.190365749590099942e-01
-2.242919755081982380e-01
-2.297648076039782161e-01
-2.352632527175493038e-01
-2.408662134027423074e-01
-2.478805331483991958e-01
-2.551081281894864716e-01
-2.630431620562083128e-01
-2.749218485484032359e-01
-2.933085042304099388e-01
-3.107319337983931451e-01
-3.344469822069033871e-01
-3.592148921495292302e-01
-3.897982688192857537e-01
-4.276779283852149005e-01
-4.648311190332325982e-01
-5.035678078804635138e-01
-5.416683385390705929e-01
-5.797291349736519717e-01
-6.179625872692789956e-01
-6.563910053157011593e-01
-6.950150316583405541e-01
-7.338351571209460467e-01
-7.728514538383949306e-01
-8.120639348787752620e-01
-8.514726120555637934e-01
-8.910774869075912541e-01
-9.308785605434516386e-01
-9.708758337454853615e-01
-1.011069306599980067e+00
-1.051458979287124507e+00
-1.092044851885109358e+00
-1.132826924410976099e+00
-1.173805196902743431e+00
-1.214979669369040449e+00
-1.256350341817140670e+00
-1.297917214255582152e+00
-1.339680286685435595e+00
-1.381639559109971716e+00
-1.423795031530949995e+00
-1.466146703948794539e+00
-1.508694576364823403e+00
-1.551438648779314589e+00
-1.594378921192610932e+00
-1.637515393605162739e+00
-1.680848066017004871e+00
-1.724376938428367811e+00
-1.768102010839369909e+00
-1.812023283250040473e+00
-1.856140755660500297e+00
-1.900454428070767809e+00
-1.944964300480880759e+00
-1.989670372890887551e+00
-2.034572645300789517e+00
-2.079671117710617967e+00
-2.124965790120386000e+00
-2.170456662530098058e+00
-2.216143734939772347e+00
-2.262027007349410201e+00
-2.308106479759018725e+00
-2.354382152168605469e+00
-2.400854024578169987e+00
-2.447522096987718943e+00
-2.494386369397254111e+00
-2.541446841806776380e+00
-2.588703514216289747e+00
-2.636156386625794212e+00
-2.683805459035291552e+00
-2.731650731444783098e+00
-2.779692203854268850e+00
-2.827929876263750586e+00
-2.876363748673228304e+00
-2.924993821082702450e+00
-2.973820093492173910e+00
-3.022842565901642686e+00
-3.072061238311109665e+00
-3.121476110720574848e+00
-3.171087183130038234e+00
-3.220894455539500267e+00
-3.270897927948960948e+00
-3.321097600358420276e+00
-3.371493472767878696e+00
-3.422085545177336208e+00
-3.472873817586793255e+00
-3.523858289996249393e+00
-3.575038962405705067e+00
-3.626415834815160277e+00
-3.677988907224615023e+00
-3.729758179634069304e+00
-3.781723652043523565e+00
-3.833885324452977361e+00
-3.886243196862430693e+00
-3.938797269271884005e+00
-3.991547541681336853e+00
-4.044494014090789236e+00
-4.097636686500242043e+00
-4.150975558909694385e+00
-4.204510631319146263e+00
-4.258241903728598565e+00
-4.312169376138050403e+00
-4.366293048547502664e+00
-4.420612920956954461e+00
-4.475128993366405794e+00
-4.529841265775857551e+00
-4.584749738185308843e+00
-4.639854410594760559e+00
-4.695155283004211810e+00
-4.750652355413663486e+00
-4.806345627823114697e+00
-4.862235100232566332e+00
-4.918320772642017502e+00
-4.974602645051469096e+00
-5.031080717460920226e+00
-5.087754989870371780e+00
-5.144625462279822870e+00
-5.201692134689274383e+00
