1.000000000000000056e-01
9.999808298706402976e-02
9.998482756578631891e-02
9.994934554600408416e-02
9.988124720262070433e-02
9.977067607975087515e-02
9.960837764411817341e-02
9.938580346217962269e-02
9.909524875126554666e-02
9.873001691434245275e-02
9.828460007212801164e-02
9.775486002295125099e-02
9.713819021021978528e-02
9.643363719467480666e-02
9.564196096945813685e-02
9.476561810601899505e-02
9.380866027575539279e-02
9.277655204774315489e-02
9.167592370155994153e-02
9.051428420376299300e-02
8.929972403191900610e-02
8.804063621212250557e-02
8.674547761675686919e-02
8.542258346240852451e-02
8.408003863672290634e-02
8.272560197816521133e-02
8.136667489958487876e-02
8.001030376361219221e-02
7.866320554960576361e-02
7.733180776526275835e-02
7.602229551269143459e-02
7.474066060299545955e-02
7.349274933874339055e-02
7.228430693941237384e-02
7.112101756974706368e-02
7.000853959810296456e-02
6.895253613214165356e-02
6.795870112107106620e-02
6.703278143394893196e-02
6.618059536583492664e-02
6.540804801887054043e-02
6.472114397480573100e-02
6.412599763276143061e-02
6.362884153954975752e-02
6.323603299455307636e-02
6.295405916957082237e-02
6.278954094732380753e-02
6.274923565075321563e-02
6.284003880868352376e-02
6.306898508141856041e-02
6.344324845189980300e-02
6.397014177366033838e-02
6.465711575548113710e-02
6.551175745398402084e-02
6.654178833903372225e-02
6.775506199249810291e-02
6.915956149842890366e-02
7.076339658193799009e-02
7.257480055488205184e-02
7.460212712891446662e-02
7.685384716055525256e-02
7.933854539876050715e-02
8.206491731318524274e-02
8.504176609112318319e-02
8.827799990321905099e-02
9.178262955277687041e-02
9.556476664116776709e-02
9.963362240284366622e-02
1.039985073881723315e-01
1.086688322010899710e-01
1.136541095317010891e-01
1.189639577615360377e-01
1.246081064609265987e-01
1.305964041429158451e-01
1.369388286841027313e-01
1.436455008655253829e-01
1.507267015181130432e-01
1.581928927629745185e-01
1.660547437912623103e-01
1.743231614863386680e-01
1.830093258723252403e-01
1.921247297346744265e-01
2.016812205412896741e-01
2.116910405214217084e-01
2.221668565435387654e-01
2.331217635683302258e-01
2.445692305955586843e-01
2.565229294330019782e-01
2.689963303566620390e-01
2.820018354930514670e-01
2.955489888207727400e-01
3.096408270231696402e-01
3.242665231243309631e-01
3.393872439264495333e-01
3.549146114143476027e-01
3.707715447896804961e-01
3.418013229773916861e-01
2.648093528535020447e-01
1.890521626093341068e-01
1.309475415333462289e-01
7.287609763912478167e-02
1.482122764471281717e-02
-4.323393339631277643e-02
-1.012893387966550679e-01
-1.593448922263047129e-01
-2.174005189759420642e-01
-2.754561813223427302e-01
-3.335118601243176606e-01
-3.915675486531670635e-01
-4.496232417507953771e-01
-5.076789378048374157e-01
-5.657346353096843750e-01
-6.237903337972954265e-01
-6.818460327902996498e-01
-7.399017321341664344e-01
-7.979574316662423339e-01
-8.560131313304055745e-01
-9.140688310680238349e-01
-9.721245308571477839e-01
-1.030180230675798780e+00
-1.088235930514870109e+00
-1.146291630365954051e+00
-1.204347330225086665e+00
-1.262403030089059852e+00
-1.320458729956078825e+00
-1.378514429824963416e+00
-1.436570129694873632e+00
-1.494625829565417785e+00
-1.552681529436191976e+00
-1.610737229307101170e+00
-1.668792929177946860e+00
-1.726848629048736150e+00
-1.784904328919370009e+00
-1.842960028789882410e+00
-1.901015728660224058e+00
-1.959071428530429371e+00
-2.017127128400474145e+00
-2.075182828270385915e+00
-2.133238528140153800e+00
-2.191294228009797340e+00
-2.249349927879312983e+00
-2.307405627748714494e+00
-2.365461327618002318e+00
-2.423517027487185338e+00
-2.481572727356266217e+00
-2.539628427225251173e+00
-2.597684127094144202e+00
-2.655739826962950190e+00
-2.713795526831673577e+00
-2.771851226700317916e+00
-2.829906926568888093e+00
-2.887962626437387215e+00
-2.946018326305820167e+00
-3.004074026174190060e+00
-3.062129726042501332e+00
-3.120185425910757093e+00
-3.178241125778961784e+00
-3.236296825647118069e+00
-3.294352525515230390e+00
-3.352408225383301410e+00
-3.410463925251334683e+00
-3.468519625119332872e+00
-3.526575324987299087e+00
-3.584631024855235992e+00
-3.642686724723146696e+00
-3.700742424591033419e+00
-3.758798124458898826e+00
-3.816853824326744693e+00
-3.874909524194573684e+00
-3.932965224062387577e+00
-3.991020923930188147e+00
-4.049076623797977170e+00
-4.107132323665755536e+00
-4.165188023533525019e+00
-4.223243723401287397e+00
-4.281299423269043558e+00
-4.339355123136794390e+00
-4.397410823004540781e+00
-4.455466522872283619e+00
-4.513522222740023793e+00
-4.571577922607762190e+00
-4.629633622475499699e+00
-4.687689322343236320e+00
-4.745745022210972053e+00
-4.803800722078707786e+00
-4.861856421946443518e+00
-4.919912121814180139e+00
-4.977967821681917648e+00
-5.036023521549656046e+00
-5.094079221417395331e+00
-5.152134921285136393e+00
-5.210190621152878343e+00
-5.268246321020621181e+00
-5.326302020888365796e+00
-5.384357720756111298e+00
-5.442413420623858578e+00
-5.500469120491606745e+00
-5.558524820359356688e+00
-5.616580520227107520e+00
-5.674636220094859240e+00
