0.000000000000000000e+00
-5.730841400038270712e-04
-2.259502271970203775e-03
-5.010133901233971079e-03
-8.773925036461946436e-03
-1.349470693840614660e-02
-1.910766669789464023e-02
-2.553583537451336455e-02
-3.268699575458006157e-02
-4.045145489502521841e-02
-4.870114941986404544e-02
-5.729052025074563709e-02
-6.605947271640720542e-02
-7.483850284573741185e-02
-8.345572535809442360e-02
-9.174513554363421253e-02
-9.955507984571537738e-02
-1.067557286467821914e-01
-1.132444400984379540e-01
-1.189482864844321891e-01
-1.238235814458063799e-01
-1.278528184584510896e-01
-1.310398356782837281e-01
-1.334041690048581308e-01
-1.349754595844750715e-01
-1.357885345250701703e-01
-1.358794895687739923e-01
-1.352828527246155710e-01
-1.340297377899608289e-01
-1.321468086182840118e-01
-1.296558505294735653e-01
-1.265737603124655886e-01
-1.229128000596250020e-01
-1.186809983987630046e-01
-1.138826176541095497e-01
-1.085186337725813494e-01
-1.025871969697478708e-01
-9.608405582438997450e-02
-8.900293730568401007e-02
-8.133588128079043134e-02
-7.307353154770440673e-02
-6.420538723529603531e-02
-5.472001913623268654e-02
-4.460525562073622968e-02
-3.384834250538552858e-02
-2.243608080287771631e-02
-1.035494576621041191e-02
2.408809872322944384e-03
1.586906604702842394e-02
3.003975690132474480e-02
4.493480211846500455e-02
6.056804676181408442e-02
7.695320863107305009e-02
9.410383238785351157e-02
1.120332499202956189e-01
1.307545466090306863e-01
1.502805333325426262e-01
1.706237242152194578e-01
1.917963202820961444e-01
2.138101993461134775e-01
2.366769126220777952e-01
2.604076887416624242e-01
2.850134460409071702e-01
3.105048142108429166e-01
3.368921666480031440e-01
3.641856651193618455e-01
3.923953186695535722e-01
4.215310590497096666e-01
4.516028353369141435e-01
4.826207308366277093e-01
5.145951058048995330e-01
5.475367699663538090e-01
5.814571891878573817e-01
6.163687309060278396e-01
6.522849528403089625e-01
6.892209388753798294e-01
7.271936842871198348e-01
7.662225288810684543e-01
8.063296296522493023e-01
8.475404516836545499e-01
8.898842325661906472e-01
9.333943332630187939e-01
9.781083115384380244e-01
1.024067413473054300e+00
1.071314917386848808e+00
1.119892270021891179e+00
1.169830997105015147e+00
1.221136466928346431e+00
1.273755706188543835e+00
1.327513402011064825e+00
1.381983342540416215e+00
1.436228309719500107e+00
1.488282315530611521e+00
1.534205139874656121e+00
1.566328879147842468e+00
1.482710064888924428e+00
-7.819455059092349281e+00
-8.599170586546714290e+00
-5.810157953284592836e+00
-5.810667821581469994e+00
-5.805445429826963988e+00
-5.805519290858668136e+00
-5.805529301749896121e+00
-5.805549703300738607e+00
-5.805559441038073309e+00
-5.805565291864884792e+00
-5.805566957481382850e+00
-5.805568631830209547e+00
-5.805569030841356337e+00
-5.805569539732346129e+00
-5.805569659895700951e+00
-5.805569826031028668e+00
-5.805569868016616120e+00
-5.805569925615445825e+00
-5.805569941932547273e+00
-5.805569962740073642e+00
-5.805569969617104142e+00
-5.805569977268389970e+00
-5.805569980357353721e+00
-5.805569983133429091e+00
-5.805569984592183097e+00
-5.805569985534732247e+00
-5.805569986250198156e+00
-5.805569986511861735e+00
-5.805569986871555344e+00
-5.805569986894703938e+00
-5.805569987076956373e+00
-5.805569987029365109e+00
-5.805569987120024145e+00
-5.805569987062082049e+00
-5.805569987104153284e+00
-5.805569987054685299e+00
-5.805569987070496651e+00
-5.805569987032962231e+00
-5.805569987034486346e+00
-5.805569987007322297e+00
-5.805569987001167220e+00
-5.805569986981717001e+00
-5.805569986971619301e+00
-5.805569986957481277e+00
-5.805569986945599226e+00
-5.805569986934965954e+00
-5.805569986922558101e+00
-5.805569986914196789e+00
-5.805569986902000323e+00
-5.805569986895125822e+00
-5.805569986883562628e+00
-5.805569986877705091e+00
-5.805569986867007870e+00
-5.805569986861902620e+00
-5.805569986852182396e+00
-5.805569986847689101e+00
-5.805569986838983176e+00
-5.805569986835033447e+00
-5.805569986827329387e+00
-5.805569986823887696e+00
-5.805569986817143757e+00
-5.805569986814189676e+00
-5.805569986808345462e+00
-5.805569986805858562e+00
-5.805569986800843019e+00
-5.805569986798798432e+00
-5.805569986794536064e+00
-5.805569986792903592e+00
-5.805569986789318015e+00
-5.805569986788061243e+00
-5.805569986785076075e+00
-5.805569986784153258e+00
-5.805569986781695668e+00
-5.805569986781062397e+00
-5.805569986779063996e+00
-5.805569986778676750e+00
-5.805569986777073588e+00
-5.805569986776887070e+00
-5.805569986775620528e+00
-5.805569986775594771e+00
-5.805569986774612445e+00
-5.805569986774709257e+00
-5.805569986773964075e+00
-5.805569986774148816e+00
-5.805569986773599034e+00
-5.805569986773844171e+00
-5.805569986773453373e+00
-5.805569986773733149e+00
-5.805569986773468472e+00
-5.805569986773763347e+00
-5.805569986773598146e+00
-5.805569986773893021e+00
-5.805569986773804203e+00
-5.805569986774087532e+00
-5.805569986774055558e+00
-5.805569986774318458e+00
-5.805569986774328228e+00
-5.805569986774565372e+00
-5.805569986774602675e+00
-5.805569986774811397e+00
-5.805569986774867353e+00
-5.805569986775046765e+00
-5.805569986775112490e+00
-5.805569986775263480e+00
