0.000000000000000000e+00
2.104532660863700253e-05
8.297849730277037888e-05
1.840347096579493416e-04
3.224942328878623076e-04
4.966855816379204093e-04
7.050101563424503257e-04
9.459933975515457272e-04
1.218362276355865453e-03
1.521141420324599938e-03
1.853751459449677792e-03
2.216085265506914214e-03
2.608533490845383121e-03
3.031933276144159299e-03
3.487425292201573428e-03
3.976223923202851056e-03
4.499329160991468249e-03
5.057229119392816705e-03
5.649650794435968383e-03
6.275408985383809819e-03
6.932380820065787985e-03
7.617603982030819211e-03
8.327470811198904935e-03
9.057975682214025950e-03
9.804971646251022313e-03
1.056440126334026383e-02
1.133248036573168867e-02
1.210582707632095259e-02
1.288153866440643752e-02
1.365722482564734122e-02
1.443100826857911939e-02
1.520150324175344528e-02
1.596778101594348645e-02
1.672932923155630996e-02
1.748600997679524566e-02
1.823801974157761643e-02
1.898585307494732657e-02
1.973027083717067073e-02
2.047227331556828595e-02
2.121307808948876342e-02
2.195410231594092237e-02
2.269694900795852024e-02
2.344339685146945920e-02
2.419539312410163082e-02
2.495504932130779285e-02
2.572463914875678867e-02
2.650659859736144777e-02
2.730352787416942886e-02
2.811819501639433588e-02
2.895354106626766774e-02
2.981268673116718032e-02
3.069894049717540596e-02
3.161580820570193684e-02
3.256700414313384861e-02
3.355646373387066034e-02
3.458835796889705994e-02
3.566710974675174617e-02
3.679741235306883962e-02
3.798425036078219297e-02
3.923292329795009803e-02
4.054907250684662567e-02
4.193871171002648557e-02
4.340826191096715247e-02
4.496459139430476759e-02
4.661506176093474507e-02
4.836758114580600593e-02
5.023066603357473348e-02
5.221351342573867654e-02
5.432608554431570674e-02
5.657920981046009323e-02
5.898469755143762039e-02
6.155548581852900158e-02
6.430580791538458019e-02
6.725139984020320205e-02
7.040975197465518254e-02
7.380041819911033196e-02
7.744539844464665146e-02
8.136961587979592292e-02
8.560151699026652405e-02
9.017383244981291845e-02
9.512454984238549738e-02
1.004981671554579098e-01
1.063473197819394395e-01
1.127349042720560829e-01
1.197368574479744374e-01
1.274457797352897548e-01
1.359755829042405273e-01
1.454671908197931463e-01
1.560947150238685133e-01
1.680695508953683193e-01
1.816338759780688483e-01
1.970178832649126521e-01
2.142904645669408414e-01
2.329514086792296435e-01
2.505551765770735462e-01
-3.004194962743844677e-03
-5.772447359145090218e+00
-5.461763943474710281e+00
3.897954796840171987e+00
-3.897975694487984200e+00
3.897578967147923734e+00
-3.897581037644929136e+00
3.897570070376945583e+00
-3.897570300120387188e+00
3.897570073035991012e+00
-3.897570071981869333e+00
3.897570065665964645e+00
-3.897570056021675722e+00
3.897570055744700834e+00
-3.897570051334152463e+00
3.897570051263589352e+00
-3.897570049524548441e+00
3.897570049474872622e+00
-3.897570048789895214e+00
3.897570048757645012e+00
-3.897570048479515048e+00
3.897570048459938707e+00
-3.897570048342992699e+00
3.897570048331309156e+00
-3.897570048280565747e+00
3.897570048273537147e+00
-3.897570048250948993e+00
3.897570048246637331e+00
-3.897570048236387752e+00
3.897570048233676143e+00
-3.897570048228965245e+00
3.897570048227214201e+00
-3.897570048225034167e+00
3.897570048223872430e+00
-3.897570048222862571e+00
3.897570048222072536e+00
-3.897570048221607131e+00
3.897570048221057348e+00
-3.897570048220845518e+00
3.897570048220454719e+00
-3.897570048220360572e+00
3.897570048220078132e+00
-3.897570048220038164e+00
3.897570048219831218e+00
-3.897570048219816119e+00
3.897570048219662464e+00
-3.897570048219658911e+00
3.897570048219544336e+00
-3.897570048219546113e+00
3.897570048219459959e+00
-3.897570048219464400e+00
3.897570048219399563e+00
-3.897570048219405336e+00
3.897570048219356487e+00
-3.897570048219363148e+00
3.897570048219326289e+00
-3.897570048219333394e+00
3.897570048219305860e+00
-3.897570048219312966e+00
3.897570048219292538e+00
-3.897570048219299643e+00
3.897570048219284544e+00
-3.897570048219291206e+00
3.897570048219280103e+00
-3.897570048219286321e+00
3.897570048219278327e+00
-3.897570048219284100e+00
3.897570048219278771e+00
-3.897570048219284100e+00
3.897570048219280547e+00
-3.897570048219285432e+00
3.897570048219283212e+00
-3.897570048219287209e+00
3.897570048219285876e+00
-3.897570048219289429e+00
3.897570048219288985e+00
-3.897570048219292094e+00
3.897570048219292094e+00
-3.897570048219294314e+00
3.897570048219294758e+00
-3.897570048219296535e+00
3.897570048219296979e+00
-3.897570048219298311e+00
3.897570048219298755e+00
-3.897570048219300087e+00
3.897570048219300531e+00
-3.897570048219301420e+00
3.897570048219302308e+00
-3.897570048219302752e+00
3.897570048219303196e+00
-3.897570048219303640e+00
3.897570048219304084e+00
-3.897570048219304528e+00
3.897570048219304972e+00
-3.897570048219304972e+00
3.897570048219305416e+00
-3.897570048219305416e+00
3.897570048219305860e+00
-3.897570048219305860e+00
3.897570048219306305e+00
-3.897570048219306305e+00
3.897570048219306749e+00
-3.897570048219306749e+00
3.897570048219307193e+00
-3.897570048219307193e+00
