0.000000000000000000e+00
-1.920049338252455273e-02
-3.758586385946292852e-02
-5.519083930326284387e-02
-7.204857860810739978e-02
-8.819032709857207997e-02
-1.036446414179413855e-01
-1.184360324690378885e-01
-1.325829714763726019e-01
-1.460953653338185609e-01
-1.589718221337186044e-01
-1.711972611425238433e-01
-1.827416069148610767e-01
-1.935603523307709573e-01
-2.035975898006270046e-01
-2.127916557033076306e-01
-2.210828778311411946e-01
-2.284222493879786708e-01
-2.347794335416885925e-01
-2.401485331236294651e-01
-2.445505685547627872e-01
-2.480324123951614668e-01
-2.506627307609713973e-01
-2.525260151933208519e-01
-2.537159396641326392e-01
-2.543290985456290731e-01
-2.544598213481689686e-01
-2.541963740731418286e-01
-2.536185486067244477e-01
-2.527964496315621146e-01
-2.517902045484373130e-01
-2.506503151012343111e-01
-2.494184062161967086e-01
-2.481281816244075566e-01
-2.468064504701971973e-01
-2.454741359214500929e-01
-2.441472129837153893e-01
-2.428375486019771767e-01
-2.415536344212407260e-01
-2.403012133279368023e-01
-2.390838069985984915e-01
-2.379031546666768304e-01
-2.367595743207711045e-01
-2.356522573686338773e-01
-2.345795069780273467e-01
-2.335389291820794966e-01
-2.325275846233423871e-01
-2.315421076277847101e-01
-2.305787982102119327e-01
-2.296336916430458952e-01
-2.287026093767283719e-01
-2.277811943761382518e-01
-2.268649333212226504e-01
-2.259491675970202451e-01
-2.250290945533721387e-01
-2.240997601334723810e-01
-2.231560436396149705e-01
-2.221926351117937681e-01
-2.212040055289610785e-01
-2.201843697932471533e-01
-2.191276422142169056e-01
-2.180273839632304034e-01
-2.168767417066657099e-01
-2.156683763396446962e-01
-2.143943804157822652e-01
-2.130461824876694332e-01
-2.116144361180496702e-01
-2.100888907688006069e-01
-2.084582410927943164e-01
-2.067099503031619712e-01
-2.048300422212534222e-01
-2.028028552421994313e-01
-2.006107497111619953e-01
-1.982337579541981198e-01
-1.956491632926490865e-01
-1.928309905753281261e-01
-1.897493858083742768e-01
-1.863698559896838081e-01
-1.826523318237557036e-01
-1.785500051128607046e-01
-1.740078788685717470e-01
-1.689609515482789204e-01
-1.633319385614435681e-01
-1.570284190879907837e-01
-1.499392981256295887e-01
-1.419305290646445117e-01
-1.328402456950942279e-01
-1.224740520442555297e-01
-1.106028670895524979e-01
-9.697016268993761956e-02
-8.132740495190637908e-02
-6.354890901753648680e-02
-4.396258228480562358e-02
-2.423271865936595104e-02
-1.026053086551979680e-02
-3.344038906259445554e-01
-7.128826503839517770e+00
-6.102799299439530145e+00
-3.884615684477178199e+00
-3.904212434057023007e+00
-3.923420228031286427e+00
-3.943038246588921325e+00
-3.962657685542914088e+00
-3.982277321934464709e+00
-4.001897583855055451e+00
-4.021517504840362633e+00
-4.041137528021264913e+00
-4.060757509512827212e+00
-4.080377512423194020e+00
-4.099997507486121684e+00
-4.119617507924687061e+00
-4.139237506419688906e+00
-4.158857506474693544e+00
-4.178477505959905969e+00
-4.198097505953589881e+00
-4.217717505760268715e+00
-4.237337505748222100e+00
-4.256957505670061259e+00
-4.276577505660921652e+00
-4.296197505627446844e+00
-4.315817505621422967e+00
-4.335437505606432929e+00
-4.355057505602587753e+00
-4.374677505595641946e+00
-4.394297505593186770e+00
-4.413917505589883383e+00
-4.433537505588295069e+00
-4.453157505586693432e+00
-4.472777505585649571e+00
-4.492397505584860617e+00
-4.512017505584163146e+00
-4.531637505583769432e+00
-4.551257505583295782e+00
-4.570877505583096578e+00
-4.590497505582771254e+00
-4.610117505582667974e+00
-4.629737505582442125e+00
-4.649357505582387695e+00
-4.668977505582230236e+00
-4.688597505582199787e+00
-4.708217505582090290e+00
-4.727837505582073163e+00
-4.747457505581996529e+00
-4.767077505581986507e+00
-4.786697505581933854e+00
-4.806317505581927385e+00
-4.825937505581891607e+00
-4.845557505581887803e+00
-4.865177505581863571e+00
-4.884797505581861543e+00
-4.904417505581846193e+00
-4.924037505581845942e+00
-4.943657505581836809e+00
-4.963277505581837445e+00
-4.982897505581831865e+00
-5.002517505581832502e+00
-5.022137505581830474e+00
-5.041757505581832000e+00
-5.061377505581831748e+00
-5.080997505581834162e+00
-5.100617505581835687e+00
-5.120237505581838100e+00
-5.139857505581839625e+00
-5.159477505581842038e+00
-5.179097505581844452e+00
-5.198717505581846865e+00
-5.218337505581849278e+00
-5.237957505581851692e+00
-5.257577505581854105e+00
-5.277197505581856518e+00
-5.296817505581858931e+00
-5.316437505581861345e+00
-5.336057505581863758e+00
-5.355677505581865283e+00
-5.375297505581867696e+00
-5.394917505581869221e+00
-5.414537505581870747e+00
-5.434157505581872272e+00
-5.453777505581873797e+00
-5.473397505581875322e+00
-5.493017505581876847e+00
-5.512637505581877484e+00
-5.532257505581879009e+00
-5.551877505581879646e+00
-5.571497505581880283e+00
-5.591117505581880920e+00
-5.610737505581881557e+00
-5.630357505581882194e+00
-5.649977505581882831e+00
-5.669597505581883468e+00
-5.689217505581884105e+00
-5.708837505581884741e+00
-5.728457505581885378e+00
-5.748077505581886015e+00
-5.767697505581886652e+00
-5.787317505581887289e+00
-5.806937505581887038e+00
-5.826557505581886787e+00
-5.846177505581886535e+00
-5.865797505581886284e+00
