0.000000000000000000e+00
7.039830092158997425e-08
5.571814057367678177e-07
1.860363040597103574e-06
4.362538529270805384e-06
8.429336462916091799e-06
1.441000381286887703e-05
2.263836762484341806e-05
3.343444296269084537e-05
4.710691894183305475e-05
6.395663440477156322e-05
8.428094931528734915e-05
1.083786489790331903e-04
1.365547378373544406e-04
1.691242671276292229e-04
2.064142848329789321e-04
2.487631626225264916e-04
2.965169483436475668e-04
3.500229377475312285e-04
4.096212108064832048e-04
4.756352744361623487e-04
5.483630825317211029e-04
6.280695488424831597e-04
7.149813050561156262e-04
8.092840129852736219e-04
9.111221378555287454e-04
1.020600806310677710e-03
1.137789229875504210e-03
1.262725152564547933e-03
1.395419840626110995e-03
1.535863232394194542e-03
1.684028975406481454e-03
1.839879176914567841e-03
2.003368773668519603e-03
2.174449485544807659e-03
2.353073357317637081e-03
2.539195917401688637e-03
2.732778995696313103e-03
2.933793248232278994e-03
3.142220436925982196e-03
3.358055510414185724e-03
3.581308528083949894e-03
3.812006464954310891e-03
4.050194930584958934e-03
4.295939831017055871e-03
4.549328999067090394e-03
4.810473815170230802e-03
5.079510838419262590e-03
5.356603465450557149e-03
5.641943633356405474e-03
5.935753581816605520e-03
6.238287689107452003e-03
6.549834396536652510e-03
6.870718236151143396e-03
7.201301977265792825e-03
7.541988908471738279e-03
7.893225273325067681e-03
8.255502879927078749e-03
8.629361907142266142e-03
9.015393933336812368e-03
9.414245217362154222e-03
9.826620266190383424e-03
1.025328572930606780e-02
1.069507466689804433e-02
1.115289124736514557e-02
1.162771594002521593e-02
1.212061128167976967e-02
1.263272831146287044e-02
1.316531378800751828e-02
1.371971832746322201e-02
1.429740563170248634e-02
1.489996301502693500e-02
1.552911348731617937e-02
1.618672971520070808e-02
1.687485026500936888e-02
1.759569863810173454e-02
1.835170574918046360e-02
1.914553668288302563e-02
1.998012280938656765e-02
2.085870066799490677e-02
2.178485946900515086e-02
2.276259965948316047e-02
2.379640580122545021e-02
2.489133808326775971e-02
2.605314819813427801e-02
2.728842706007149690e-02
2.860479374631537397e-02
3.001113628541433528e-02
3.151791279369351578e-02
3.313750768188103435e-02
3.488458787674239558e-02
3.677624946267737255e-02
3.883131204857188934e-02
4.106719106631514377e-02
4.349355267163113048e-02
4.620371200926406963e-02
2.218465944024674424e-02
-3.484488990034471240e-02
1.807246464017535637e-01
-1.197043228225059680e-01
2.586813863679477410e-01
-1.976571881153363908e-01
3.366329266479929361e-01
-2.756086287495130849e-01
4.145843302573544720e-01
-3.535600310009706093e-01
4.925357316803249397e-01
-4.315114322865337693e-01
5.704871328450673573e-01
-5.094628333788037144e-01
6.484385338917793007e-01
-5.874142343950382594e-01
7.263899348900276776e-01
-6.653656353810892821e-01
8.043413358688206172e-01
-7.433170363549039816e-01
8.822927368395971914e-01
-8.212684373235703550e-01
9.602441378069394018e-01
-8.992198382899813103e-01
1.038195538772750393e+00
-9.771712392553653093e-01
1.116146939737852506e+00
-1.055122640220264252e+00
1.194098340702614225e+00
-1.133074041184925829e+00
1.272049741667206524e+00
-1.211025442149467057e+00
1.350001142631711559e+00
-1.288976843113944781e+00
1.427952543596169521e+00
-1.366928244078387644e+00
1.505903944560601060e+00
-1.444879645042810523e+00
1.583855345525017055e+00
-1.522831046007220968e+00
1.661806746489423281e+00
-1.600782446971623862e+00
1.739758147453823289e+00
-1.678733847936021428e+00
1.817709548418218857e+00
-1.756685248900415441e+00
1.895660949382611538e+00
-1.834636649864806790e+00
1.973612350347001998e+00
-1.912588050829196362e+00
2.051563751311390238e+00
-1.990539451793584602e+00
2.129515152275778256e+00
-2.068490852757972398e+00
2.207466553240165386e+00
-2.146442253722359084e+00
2.285417954204552071e+00
-2.224393654686745325e+00
2.363369355168937869e+00
-2.302345055651131123e+00
2.441320756133323666e+00
-2.380296456615516920e+00
2.519272157097709464e+00
-2.458247857579902718e+00
2.597223558062095261e+00
-2.536199258544288515e+00
2.675174959026481059e+00
-2.614150659508674313e+00
2.753126359990866856e+00
-2.692102060473060110e+00
2.831077760955252653e+00
-2.770053461437445907e+00
2.909029161919638451e+00
-2.848004862401831705e+00
2.986980562884024248e+00
-2.925956263366217502e+00
3.064931963848410046e+00
-3.003907664330603300e+00
3.142883364812795843e+00
-3.081859065294989097e+00
3.220834765777181641e+00
-3.159810466259374895e+00
3.298786166741567438e+00
-3.237761867223760692e+00
3.376737567705953236e+00
-3.315713268188146490e+00
3.454688968670339033e+00
-3.393664669152532287e+00
3.532640369634724831e+00
-3.471616070116918085e+00
3.610591770599110628e+00
-3.549567471081303882e+00
3.688543171563496426e+00
-3.627518872045689680e+00
3.766494572527882223e+00
-3.705470273010075477e+00
3.844445973492268021e+00
-3.783421673974461275e+00
3.922397374456653818e+00
-3.861373074938847072e+00
4.000348775421040060e+00
-3.939324475903233314e+00
4.078300176385425857e+00
-4.017275876867619111e+00
