-0.000000000000000000e+00
-9.669673033342582650e-05
-3.812932191151999391e-04
-8.458131214677797917e-04
-1.482619685712577772e-03
-2.284398623040701914e-03
-3.244135527181060512e-03
-4.355082728230241437e-03
-5.610709378739159141e-03
-7.004628774513925807e-03
-8.530499013713367662e-03
-1.018189748144792024e-02
-1.195217619313459871e-02
-1.383431281026763909e-02
-1.582077928182188190e-02
-1.790345399907877083e-02
-2.007360162928847197e-02
-2.232193626368524086e-02
-2.463876934534117713e-02
-2.701422761876633855e-02
-2.943851288341411965e-02
-3.190216866268883594e-02
-3.439632052203261958e-02
-3.691286523473433917e-02
-3.944459590157256557e-02
-4.198526180244573081e-02
-4.452957059807788331e-02
-4.707314549751340227e-02
-4.961245147449055287e-02
-5.214470357207282025e-02
-5.466776793118301170e-02
-5.718006334984363642e-02
-5.968046852690959275e-02
-6.216823796334986635e-02
-6.464292786696572424e-02
-6.710433229079110218e-02
-6.955242903551835110e-02
-7.198733445569679978e-02
-7.440926613303196213e-02
-7.681851234219599922e-02
-7.921540727948377103e-02
-8.160031111391076453e-02
-8.397359402874669809e-02
-8.633562353344675921e-02
-8.868675443254125934e-02
-9.102732093468574037e-02
-9.335763046989804803e-02
-9.567795885577823345e-02
-9.798854651487816370e-02
-1.002895954964502651e-01
-1.025812670978021729e-01
-1.048636799146520776e-01
-1.071369081773587001e-01
-1.094009802516952706e-01
-1.116558771998053673e-01
-1.139015313098282606e-01
-1.161378245119823183e-01
-1.183645866050881956e-01
-1.205815932209228780e-01
-1.227885634546369564e-01
-1.249851570878532936e-01
-1.271709713270085529e-01
-1.293455369729099580e-01
-1.315083139281581492e-01
-1.336586859367121238e-01
-1.357959544339766289e-01
-1.379193313657366970e-01
-1.400279308091940955e-01
-1.421207591981446805e-01
-1.441967039154957164e-01
-1.462545199679138597e-01
-1.482928143968748058e-01
-1.503100280044139814e-01
-1.523044138760492605e-01
-1.542740120618556476e-01
-1.562166196218404690e-01
-1.581297550434642152e-01
-1.600106157840580912e-01
-1.618560273616916345e-01
-1.636623819927356116e-01
-1.654255642262162374e-01
-1.671408603247262759e-01
-1.688028472649836520e-01
-1.704052561814119460e-01
-1.719408039428337032e-01
-1.734009856594969923e-01
-1.747758211993271082e-01
-1.760535527699961522e-01
-1.772203049846045875e-01
-1.782597612841143320e-01
-1.791530283788866917e-01
-1.798791798483468651e-01
-1.804178114186631432e-01
-1.807568477615493774e-01
-1.809093940526580457e-01
-1.807957774900382231e-01
-2.114196851165609237e-01
-2.793779523849519442e-01
-3.270253055869998260e-01
-3.659694179846017525e-01
-4.051067643615980929e-01
-4.444390550767501891e-01
-4.839675288692560362e-01
-5.236922036726423535e-01
-5.636130784754586065e-01
-6.037301538694717085e-01
-6.440434290554436503e-01
-6.845529042323924562e-01
-7.252585793444263906e-01
-7.661604544413965767e-01
-8.072585295187962862e-01
-8.485528045898116378e-01
-8.900432796543403802e-01
-9.317299547162940510e-01
-9.736128297758692707e-01
-1.015691904834362891e+00
-1.057967179891904808e+00
-1.100438654948967754e+00
-1.143106330005621230e+00
-1.185970205062051530e+00
-1.229030280118294849e+00
-1.272286555174429123e+00
-1.315739030230473450e+00
-1.359387705286462467e+00
-1.403232580342406166e+00
-1.447273655398320535e+00
-1.491510930454211126e+00
-1.535944405510085486e+00
-1.580574080565946948e+00
-1.625399955621799286e+00
-1.670422030677644276e+00
-1.715640305733483917e+00
-1.761054780789319096e+00
-1.806665455845150925e+00
-1.852472330900980291e+00
-1.898475405956807416e+00
-1.944674681012632966e+00
-1.991070156068457164e+00
-2.037661831124280454e+00
-2.084449706180102613e+00
-2.131433781235923863e+00
-2.178614056291744649e+00
-2.225990531347564971e+00
-2.273563206403384829e+00
-2.321332081459204222e+00
-2.369297156515023595e+00
-2.417458431570842503e+00
-2.465815906626661391e+00
-2.514369581682480259e+00
-2.563119456738299107e+00
-2.612065531794117490e+00
-2.661207806849935853e+00
-2.710546281905754196e+00
-2.760080956961572518e+00
-2.809811832017390820e+00
-2.859738907073209102e+00
-2.909862182129027364e+00
-2.960181657184845605e+00
-3.010697332240663826e+00
-3.061409207296482027e+00
-3.112317282352300207e+00
-3.163421557408118368e+00
-3.214722032463936952e+00
-3.266218707519755515e+00
-3.317911582575574059e+00
-3.369800657631392582e+00
-3.421885932687211085e+00
-3.474167407743029568e+00
-3.526645082798848030e+00
-3.579318957854666472e+00
-3.632189032910484894e+00
-3.685255307966303295e+00
-3.738517783022122121e+00
-3.791976458077940926e+00
-3.845631333133759711e+00
-3.899482408189578475e+00
-3.953529683245397219e+00
-4.007773158301215943e+00
-4.062212833357034647e+00
-4.116848708412853775e+00
-4.171680783468672438e+00
-4.226709058524491525e+00
-4.281933533580310147e+00
-4.337354208636129194e+00
-4.392971083691947776e+00
-4.448784158747766782e+00
-4.504793433803585323e+00
-4.560998908859404288e+00
-4.617400583915222789e+00
-4.673998458971041714e+00
-4.730792534026860174e+00
-4.787782809082679059e+00
-4.844969284138497478e+00
-4.902351959194316322e+00
-4.959930834250135590e+00
-5.017705909305954393e+00
-5.075677184361773620e+00
-5.133844659417592382e+00
-5.192208334473411568e+00
-5.250768209529230290e+00
