1.000000000000000056e-01
1.000000111475928405e-01
1.000000890388547670e-01
1.000002999945295290e-01
1.000007098038180331e-01
1.000013836456096206e-01
1.000023860081760280e-01
1.000037806075354807e-01
1.000056303046958361e-01
1.000079970219882181e-01
1.000109416587049715e-01
1.000145240062587509e-01
1.000188026630828980e-01
1.000238349494967233e-01
1.000296768227632027e-01
1.000363827925703358e-01
1.000440058371717539e-01
1.000525973204262620e-01
1.000622069099801059e-01
1.000728824968401404e-01
1.000846701165903491e-01
1.000976138725079567e-01
1.001117558608397434e-01
1.001271360985026976e-01
1.001437924534768487e-01
1.001617605781614379e-01
1.001810738459685129e-01
1.002017632914308093e-01
1.002238575541028742e-01
1.002473828265364186e-01
1.002723628066118922e-01
1.002988186545093613e-01
1.003267689546017694e-01
1.003562296825533523e-01
1.003872141779048877e-01
1.004197331224256223e-01
1.004537945245093516e-01
1.004894037098886528e-01
1.005265633189373620e-01
1.005652733108262503e-01
1.006055309747911769e-01
1.006473309487661144e-01
1.006906652456258794e-01
1.007355232872746420e-01
1.007818919468066315e-01
1.008297555989549482e-01
1.008790961790324014e-01
1.009298932505558882e-01
1.009821240817317528e-01
1.010357637309648587e-01
1.010907851415380615e-01
1.011471592455918805e-01
1.012048550775159900e-01
1.012638398968450648e-01
1.013240793207313417e-01
1.013855374660451031e-01
1.014481771011319783e-01
1.015119598072329044e-01
1.015768461495483582e-01
1.016427958579036034e-01
1.017097680169455898e-01
1.017777212657757085e-01
1.018466140068948755e-01
1.019164046243095090e-01
1.019870517106179486e-01
1.020585143028677338e-01
1.021307521269441132e-01
1.022037258502199175e-01
1.022773973421664817e-01
1.023517299425943383e-01
1.024266887371614587e-01
1.025022408397557316e-01
1.025783556813276570e-01
1.026550053047180916e-01
1.027321646649956843e-01
1.028098119347881784e-01
1.028879288140625153e-01
1.029665008437793822e-01
1.030455177228196267e-01
1.031249736275527545e-01
1.032048675333911425e-01
1.032852035376484318e-01
1.033659911829964834e-01
1.034472457807927015e-01
1.035289887335281572e-01
1.036112478556277389e-01
1.036940576918153611e-01
1.037774598322414588e-01
1.038615032235561536e-01
1.039462444750991615e-01
1.040317481593681925e-01
1.041180871059197155e-01
1.042053426878512684e-01
1.042936051000115799e-01
1.043829736280847825e-01
1.044735569076975928e-01
1.045654731727034548e-01
1.046588504918058021e-01
1.047538269926930193e-01
1.048505510728717227e-01
1.049491815964009311e-01
1.050498880757494702e-01
1.051528508380207838e-01
1.052582611748146130e-01
1.053663214750228672e-01
1.054772453398876292e-01
1.055912576796830260e-01
1.057085947914186697e-01
1.058295044170015353e-01
1.059542457813344579e-01
1.060830896098736154e-01
1.062163181252135796e-01
1.063542250223173669e-01
1.064971154220595712e-01
1.066453058028036388e-01
1.067991239097888928e-01
1.069589086421594698e-01
1.071250099175250492e-01
1.072977885140026233e-01
1.074776158897490647e-01
1.076648739800553228e-01
1.078599549721355189e-01
1.080632610578066560e-01
1.082752041643176982e-01
1.084962056636498140e-01
1.087266960606725202e-01
1.089671146606029928e-01
1.092179092162777893e-01
1.094795355558072225e-01
1.097524571912429081e-01
1.100371449089474624e-01
1.103340763424127124e-01
1.106437355283281382e-01
1.109666124467546811e-01
1.113032025463104174e-01
1.116540062553232626e-01
1.120195284799522240e-01
1.124002780903220755e-01
1.127967673957567113e-01
1.132095116102338067e-01
1.136390283092171827e-01
1.140858368790540478e-01
1.145504579601508421e-01
1.150334128851648735e-01
1.155352231134681718e-01
1.160564096631555020e-01
1.165974925418800240e-01
1.171589901778076481e-01
1.177414188519844557e-01
1.183452921334111341e-01
1.189711203181136462e-01
1.196194098734906647e-01
1.202906628892056462e-01
1.209853765358748778e-01
1.217040425327820807e-01
1.224471466258261892e-01
1.232151680768807517e-01
1.240085791657119935e-01
1.248278447055676255e-01
1.256734215735103022e-01
1.265457582565284733e-01
1.274452944144128241e-01
1.283724604603401209e-01
1.293276771600563313e-01
1.303113552504993888e-01
1.313238950786479731e-01
1.323656862613272200e-01
1.334371073666444918e-01
1.345385256176698519e-01
1.356702966189161086e-01
1.368327641061119204e-01
1.380262597197008112e-01
1.392511028024359665e-01
1.405076002213797304e-01
1.417960462145536615e-01
1.431167222624240565e-01
1.444698969843462855e-01
1.458558260600307521e-01
1.472747521760343070e-01
1.487269049972219648e-01
1.502125011630878748e-01
1.517317443087680684e-01
1.532848251105251303e-01
1.548719213554323182e-01
1.564931980349362761e-01
1.581488074619291917e-01
1.598388894109171177e-01
1.615635712808288216e-01
1.633229682799692550e-01
1.651171836325854569e-01
1.669463088064778999e-01
1.688104237610593694e-01
1.707095972152345709e-01
1.726438869344486537e-01
1.746133400362299970e-01
1.766179933135332003e-01
1.786578735751718217e-01
1.807329980026165794e-01
1.828433745224247731e-01
1.849890021935584328e-01
1.871698716088446568e-01
1.893859653098291518e-01
1.916372582142755743e-01
1.939237180555665185e-01
1.962453058332685463e-01
1.986019762741324524e-01
2.009936783028116181e-01
2.034203555215946535e-01
2.058819466984650182e-01
2.083783862628184047e-01
2.109096048081888497e-01
2.134755296013570725e-01
2.160760850972386904e-01
2.187111934589757722e-01
2.213807750826826681e-01
2.240847491263265323e-01
2.268230340422530689e-01
2.295955481129000053e-01
2.324022099892740223e-01
2.352429392318006462e-01
2.381176568531922222e-01
2.410262858630147220e-01
2.439687518136714472e-01
2.469449833475591549e-01
2.499549127451901609e-01
2.529984764741136094e-01
2.560756157385075671e-01
2.591862770293543172e-01
2.623304126751510035e-01
2.655079813931481847e-01
2.687189488411505511e-01
2.719632881699546312e-01
2.752409805765392847e-01
2.785520158581680783e-01
2.818963929676022162e-01
2.852741205696667781e-01
2.886852175994539249e-01
2.921297138224897560e-01
2.956076503972341341e-01
2.991190804403255910e-01
3.026640695950262860e-01
3.062426966033666154e-01
3.098550538825315392e-01
3.135012481060759915e-01
3.171814007906012534e-01
3.208956488885691405e-01
3.246441453879777006e-01
3.284270599196678631e-01
3.322445793730787189e-01
3.360969085213173502e-01
3.399842706564583095e-01
3.439069082360392549e-01
3.478650835417703702e-01
3.518590793515290471e-01
3.558891996257662615e-01
3.599557702095076417e-01
3.640591395511906248e-01
3.681996794396402706e-01
3.723777857605486408e-01
3.765938792738885987e-01
3.808484064137602210e-01
3.851418401122398416e-01
3.894746806488751933e-01
3.938474565275472683e-01
3.982607253825018456e-01
4.027150749154366771e-01
4.072111238656210830e-01
4.117495230151175245e-01
4.163309562312725864e-01
4.209561415487496627e-01
4.256258322934824978e-01
4.303408182510457536e-01
4.351019268820572883e-01
4.399100245873562298e-01
4.447660180258339313e-01
4.496708554879376707e-01
4.546255283280158932e-01
4.596310724588326679e-01
4.646885699117447865e-01
4.697991504662120121e-01
4.749639933524965052e-01
4.801843290316037405e-01
4.854614410567248961e-01
4.907966680206588550e-01
4.961914055939234958e-01
5.016471086585091443e-01
5.071652935424839637e-01
5.127475403609315086e-01
5.183954954689866668e-01
5.241108740330359117e-01
5.298954627264634842e-01
5.357511225566591317e-01
5.416797918303498660e-01
5.476834892646859076e-01
5.537643172518955659e-01
5.599244652857238158e-01
5.661662135582925526e-01
5.724919367364571521e-01
5.789041079271916024e-01
5.854053028420110882e-01
5.919982041709325182e-01
5.986856061769835202e-01
6.054704195227976760e-01
6.123556763413714465e-01
6.193445355636139071e-01
6.264402885158792955e-01
6.336463648012434779e-01
6.409663384788577556e-01
6.484039345562718770e-01
6.559630358102018777e-01
6.636476899517312900e-01
6.714621171524741694e-01
6.794107179487027803e-01
6.874980815408764379e-01
6.957289945063732661e-01
7.041084499435165123e-01
7.126416570651600280e-01
7.213340512601527088e-01
7.301913046408782249e-01
7.392193370947718334e-01
7.484243278571607316e-01
7.578127276219291941e-01
7.673912712053496676e-01
7.771669907768156138e-01
7.871472296681424341e-01
7.973396567704470472e-01
8.077522815242822452e-01
8.183934695045693708e-01
8.292719585968042484e-01
8.403968757548448965e-01
8.517777543231508375e-01
8.634245518974195122e-01
8.753476686869242629e-01
8.875579663292262333e-01
9.000667870930156855e-01
9.128859733872830562e-01
9.260278874744557465e-01
9.395054312611260672e-01
9.533320660120772061e-01
9.675218318009614071e-01
9.820893664736445317e-01
9.970499238572942957e-01
1.012419390899128802e+00
1.028214303362685600e+00
1.044451859645883607e+00
1.061149932213363956e+00
1.078327076055044742e+00
1.096002533493039666e+00
1.114196234559749144e+00
1.132928792061005163e+00
1.152221490319943253e+00
1.172096266470600723e+00
1.192575683036593226e+00
1.213682890391952318e+00
1.235441577561793292e+00
1.257875909684820881e+00
1.281010450334365336e+00
1.304870066788409222e+00
1.329479816263043235e+00
1.354864811092006294e+00
1.381050060864534190e+00
1.408060289645175489e+00
1.435919726616430525e+00
1.464651868835073367e+00
1.494279215305394315e+00
1.524822972278190969e+00
1.556302730613398078e+00
1.588736117223633837e+00
1.622138424065368678e+00
1.656522219871717549e+00
1.691896951816176164e+00
1.728268546526186000e+00
1.765639022264934077e+00
1.804006126568869828e+00
1.843363016026668078e+00
1.883697997032171223e+00
1.924994348022975643e+00
1.967230244687220297e+00
2.010378809637603403e+00
2.054408306888145130e+00
2.099282498953238818e+00
2.144961180435995374e+00
2.191400896621479077e+00
2.238555849024739253e+00
2.286378982405309124e+00
2.334823239937560135e+00
2.383842965621480126e+00
2.433395426289252317e+00
2.483442420351533730e+00
2.533951937280069622e+00
2.584899831118310676e+00
2.636271473204646831e+00
2.688063353692327517e+00
2.740284608026490432e+00
2.792958452764963351e+00
2.846123524345178346e+00
2.899835123885531551e+00
2.954166380159239935e+00
3.009209350852319442e+00
3.065076088569226975e+00
3.121899702323930548e+00
3.179835447045010977e+00
3.239061872502658090e+00
3.299782058477029878e+00
3.362224954109612973e+00
3.426646824952820136e+00
3.493332789353995604e+00
3.562598393687695708e+00
3.634791129649406649e+00
3.710291731041881480e+00
3.789514995491708227e+00
3.872909750541876583e+00
3.960957416050802316e+00
4.054168401690003698e+00
4.153075325316898159e+00
4.258221772214024092e+00
4.370145103289703847e+00
4.489351792499712168e+00
4.616284145210807210e+00
4.751278316225015175e+00
4.894515611708682989e+00
5.045972232471201302e+00
5.205376470662869792e+00
5.372185600741808287e+00
5.545595151646005583e+00
5.724588788824243046e+00
5.908027311873579990e+00
6.094763124024394685e+00
6.283757346090553142e+00
6.474175288164691899e+00
6.665442938019313424e+00
6.857258589257204662e+00
7.049564232447850465e+00
7.242487403805172086e+00
7.436265746071017091e+00
7.631165737290465323e+00
7.827406243127268404e+00
8.025097822693481930e+00
8.224209324282057310e+00
8.424572078714284373e+00
8.625926689752668963e+00
8.828007707342615973e+00
9.030650294883088236e+00
9.233895565443006603e+00
9.438071559271737243e+00
9.643834446035420171e+00
9.852164753456262858e+00
1.006432067289199672e+01
1.028175193854765723e+01
1.050597466006343694e+01
1.073840446102308022e+01
1.098014917858010620e+01
1.123178011536612608e+01
1.149313360988722721e+01
1.176322783476357969e+01
1.204037863309404166e+01
1.232253168007400745e+01
1.260771612572820111e+01
1.289444788047517143e+01
1.318193586323521238e+01
1.347004769363398147e+01
1.375908949531951286e+01
1.404949931484566150e+01
1.434155891495175972e+01
1.463522192519455523e+01
1.493013458519668468e+01
1.522586455261694383e+01
1.552225777131101125e+01
1.581977094520056681e+01
1.611963668025577334e+01
1.642379665768301678e+01
1.673461414253934976e+01
1.705440787830506011e+01
1.738486554248933658e+01
1.772646090543808839e+01
1.807812082366524464e+01
1.843743043634438550e+01
1.880143428221073876e+01
1.916766126363708622e+01
1.953479993714990925e+01
1.990271562288290497e+01
2.027193139660855792e+01
2.064293250083375142e+01
2.101568394639591020e+01
2.138965725646639626e+01
2.176440046993407762e+01
2.214031182599378056e+01
2.251910412947807671e+01
2.290364907899656188e+01
2.329721851156112322e+01
2.370233285407872259e+01
2.411959378866446002e+01
2.454714936905477884e+01
2.498141493973897198e+01
2.541882156827082540e+01
2.585735116063830219e+01
2.629680017732256303e+01
2.673786134424119254e+01
2.718091533873264609e+01
2.762550753705370354e+01
2.807099729844498626e+01
2.851788703414083770e+01
2.896864406295522443e+01
2.942722683301694531e+01
2.989743358370161630e+01
3.038081690695070591e+01
3.087545427081546379e+01
3.137692223554619630e+01
3.188108771141562769e+01
3.238622904930743118e+01
3.289276151508053658e+01
3.340139174425267754e+01
3.391177948722911140e+01
3.442316889975256800e+01
3.493639807488877835e+01
3.545500708447813309e+01
3.598398940230759280e+01
3.652677430577681150e+01
3.708250544845564178e+01
3.764634796006551198e+01
3.821324247218237957e+01
3.878120642086410896e+01
3.935087268277521133e+01
3.992277112247428761e+01
4.049611710522123786e+01
4.107079537431737748e+01
4.164991822300218871e+01
4.223921951999628988e+01
4.284306115177361818e+01
4.346040130715174143e+01
4.408537611737659034e+01
4.471271720122026494e+01
4.534130983569199458e+01
4.597213481141593405e+01
4.660492492679652088e+01
4.723895195008502412e+01
4.787680643510555001e+01
4.852485310141113217e+01
4.918823636501551277e+01
4.986538197031894271e+01
5.054932407106321790e+01
5.123506606851911016e+01
5.192251793423349682e+01
5.261241164183402219e+01
5.330378243077547040e+01
5.399778723610678810e+01
5.470072741288537799e+01
5.541926756561484524e+01
5.615265806008798677e+01
5.689322821807503061e+01
5.763560150157373840e+01
5.837999872989052363e+01
5.912679094736200369e+01
5.987507927357937376e+01
6.062842792110483003e+01
6.139515514859619572e+01
6.217895395805630443e+01
6.297337865481215857e+01
6.377067844522413509e+01
6.456985243771855210e+01
6.537160551914806206e+01
6.617499014345337116e+01
6.698394567621718920e+01
6.780764931834114861e+01
6.864867674427615896e+01
6.949858604267242868e+01
7.035058397657432749e+01
7.120504202496631763e+01
7.206169758962391825e+01
7.292122610636114644e+01
7.379211735250548543e+01
7.468158249641483337e+01
7.558351783575251659e+01
7.648860930349724185e+01
7.739603362896251326e+01
7.830589847738723108e+01
7.921869561555512007e+01
8.014356935826324957e+01
8.108772957933467751e+01
8.204334266598287684e+01
8.300156105178899679e+01
8.396251961973835876e+01
8.492565005592865646e+01
8.589448637453885738e+01
8.688057041437221528e+01
8.788436456465825586e+01
8.889401530068749935e+01
8.990600298121273681e+01
9.092069304617461967e+01
9.193914837550171626e+01
9.297276082784351559e+01
9.402615257864606235e+01
9.508731833544391066e+01
9.615088961255682420e+01
9.721729443227290801e+01
9.828786880784466007e+01
9.937499807471223789e+01
1.004816931714126866e+02
1.015947443522916984e+02
1.027105171608535414e+02
1.038289503389065942e+02
1.049548697467446488e+02
1.061016678357041343e+02
1.072636530948126818e+02
1.084289879974834747e+02
1.095974756066606375e+02
1.107697303566725680e+02
1.119586473386894454e+02
1.131682018016039279e+02
1.143838246290680587e+02
1.156025561254691922e+02
1.168244404490390025e+02
1.180604197864948333e+02
1.193188986421555029e+02
1.205852104520256916e+02
1.218546670911481300e+02
1.231274622694238872e+02
1.244152073732973633e+02
1.257256281661709494e+02
1.270431008099150176e+02
1.283638746809564566e+02
1.296890202876953424e+02
1.310335217074988350e+02
1.323981155493815152e+02
1.337673516993696410e+02
1.351399586594987170e+02
1.365213075051009639e+02
1.379273114358701662e+02
1.393457403925909546e+02
1.407676267632895986e+02
1.421938809617010691e+02
1.436399093280162731e+02
1.451067517049349078e+02
1.465782968249914973e+02
1.480534859367748481e+02
1.495430843172032098e+02
1.510577285850521321e+02
1.525796166825030582e+02
1.541051071170543594e+02
1.556424892244822047e+02
1.572063165297546448e+02
1.587792093080265374e+02
1.603557523446978621e+02
1.619444178874363729e+02
1.635600326493510863e+02
1.651845947834146386e+02
1.668129570325094448e+02
1.684564657306331981e+02
1.701263052489306631e+02
1.718031955263058137e+02
1.734846404493792136e+02
1.751873919162311211e+02
1.769124919499676594e+02
1.786423401632247874e+02
1.803802157366384051e+02
1.821461203108068503e+02
1.839260533155834594e+02
1.857099733814468721e+02
1.875119355848289047e+02
1.893402631073283828e+02
1.911745700710463609e+02
1.930177650253525599e+02
1.948903572216124758e+02
1.967763011043540189e+02
1.986671528282097938e+02
2.005827455582989103e+02
2.025202696340288071e+02
2.044620553998094579e+02
2.064230382385788118e+02
2.084117449400126532e+02
2.104061445589801735e+02
2.124160714790204736e+02
2.144564013601799104e+02
2.165044851777617225e+02
2.185665680519099681e+02
2.206600902497620780e+02
2.227626282358283731e+02
2.248797106299686845e+02
2.270286522808186191e+02
2.291862911629443147e+02
2.313613269420418135e+02
2.335679929384635614e+02
2.357815123296325623e+02
2.380177622461257840e+02
2.402838269576115522e+02
2.425551410474010652e+02
2.448556405108557499e+02
2.471809557797298851e+02
2.495149326286007465e+02
2.518823863449233613e+02
2.542649088613891024e+02
2.566683001286452281e+02
2.591051960463839805e+02
2.615482849378893775e+02
2.640239844334304848e+02
2.665234509109707801e+02
2.690410218224046162e+02
2.715939852772862082e+02
2.741541894931497154e+02
2.767486373415293883e+02
2.793666142713985323e+02
2.820099260035268003e+02
2.846894953341448513e+02
2.873793453407080278e+02
2.901053815657000428e+02
2.928434305854731861e+02
2.956176893512234187e+02
2.984186894300746076e+02
3.012524477342748241e+02
3.041239497656670210e+02
3.070194287838066316e+02
3.099557844803874218e+02
3.129082695365104883e+02
3.159002525419469976e+02
3.189049126732442687e+02
3.219471545297597004e+02
3.250019881739053744e+02
3.280931476742775317e+02
3.311979067844347355e+02
3.343381113397620084e+02
3.374925881881037526e+02
3.406815726215399991e+02
3.438847957690154544e+02
3.471213941410047141e+02
3.503720322451900415e+02
3.536551357964225986e+02
3.569533363330209568e+02
3.602843247198274526e+02
3.636346948240661163e+02
3.670201143748946606e+02
3.704335989620637406e+02
3.738843938742749060e+02
3.773734415217010678e+02
3.808964367789401422e+02
3.844601183595260068e+02
3.880485655448901525e+02
3.916734560591020227e+02
3.953255930585484634e+02
3.990193006083401315e+02
4.027556775898420369e+02
4.065283081206948737e+02
4.103417150506512598e+02
4.141873418248615621e+02
4.180774715600618379e+02
4.220138525561776532e+02
4.259891031721841728e+02
4.300077360444923329e+02
4.340716603347086107e+02
4.381806676085365098e+02
4.423362991382878135e+02
4.465397865540316502e+02
4.507915697513354303e+02
4.550934069226826750e+02
4.594461101567883929e+02
4.638533646600694169e+02
4.683129081693233502e+02
4.728219170402200575e+02
4.774020240505773245e+02
4.820323425963032378e+02
4.867244851518814812e+02
4.914693552174777551e+02
4.963020995048294139e+02
5.011851649942205427e+02
5.061385496053972020e+02
5.111405584985559472e+02
5.162322898221386822e+02
5.214262185439562245e+02
5.266683334607805591e+02
5.319838283872958300e+02
5.373772724629699269e+02
5.428136827333252086e+02
5.483355833392984096e+02
5.540101789654568165e+02
5.598434800217983138e+02
5.657906863919690750e+02
5.718069348323174381e+02
5.778670098663446879e+02
5.839613328351657628e+02
5.900886059288010301e+02
5.962508802842519344e+02
6.024509037671305123e+02
6.086908014243958860e+02
6.149714140190333183e+02
6.212919432203545966e+02
6.276498023759929765e+02
6.340407590447713346e+02
6.404595223835761999e+02
6.469008001703482478e+02
6.533605746291806327e+02
6.598371701554380024e+02
6.663318359607452521e+02
6.728489111852205724e+02
6.793958096191112190e+02
6.859828114875593883e+02
6.926218434492840288e+02
6.993222111276675150e+02
7.060822822937534511e+02
7.128849350462488701e+02
7.197093428705397855e+02
7.265487254509718014e+02
7.334118729171011637e+02
7.403089667894861350e+02
7.472361905944658247e+02
7.541801182277115458e+02
7.611413343251782635e+02
7.681389787635308721e+02
7.751856648950840736e+02
7.822662766252481106e+02
7.893618328102674013e+02
7.964779039388561159e+02
8.036226415038629511e+02
8.107848772829813697e+02
8.179640360934056389e+02
8.251801259618052882e+02
8.324310953007910712e+02
8.396971257007205622e+02
8.469824932971648650e+02
8.542912798218382022e+02
8.616130764401135593e+02
8.689608260362048213e+02
8.763413302271681005e+02
8.837367101214377954e+02
8.911501798964042109e+02
8.985828774419352385e+02
9.060288124312575064e+02
9.135034575192038346e+02
9.209990197606646234e+02
9.285077794381204512e+02
9.360358027476893312e+02
9.435756973494073918e+02
9.511395796276743795e+02
9.587231460388285313e+02
9.663192896341136020e+02
9.739324762285901897e+02
9.815573963600229490e+02
9.892054533536401095e+02
9.968676501851740568e+02
1.004543997561662877e+03
1.012233252289218285e+03
1.019937812667669618e+03
1.027661294132740295e+03
1.035395583184536463e+03
1.043144239822835971e+03
1.050903839556308640e+03
1.058682284118062171e+03
1.066471327038239224e+03
1.074273810629352738e+03
1.082086167077716709e+03
1.089915427429977399e+03
1.097755364185579765e+03
1.105607569782851215e+03
1.113469205619278910e+03
1.121346164805765511e+03
1.129233164910091318e+03
1.137131634317805492e+03
1.145039093243841990e+03
1.152960735762669401e+03
1.160891427674509259e+03
1.168832859762685302e+03
1.176783224221377623e+03
1.184746322641635970e+03
1.192717879309808495e+03
1.200698992615394673e+03
1.208689845029682374e+03
1.216691100378221563e+03
1.224701043654529940e+03
1.232719017239205641e+03
1.240747711986570721e+03
1.248784457140812947e+03
1.256829983598413264e+03
1.264883203286330172e+03
1.272946241968672894e+03
1.281016725028769542e+03
1.289094731828015483e+03
1.297181682745422449e+03
1.305276051933284407e+03
1.313378156164526445e+03
1.321487194455808094e+03
1.329604644502480141e+03
1.337728884528831486e+03
1.345859734801893183e+03
1.353998596285971644e+03
1.362143866882800012e+03
1.370295931541159462e+03
1.378454642390961681e+03
1.386620161364283376e+03
1.394792039327684279e+03
1.402969745355231225e+03
1.411154435370571491e+03
1.419344881660827696e+03
1.427541030101612023e+03
1.435743681947247751e+03
1.443951819646806143e+03
1.452165619765883321e+03
1.460385154024520489e+03
1.468610170526745605e+03
1.476840598424100790e+03
1.485076143103047116e+03
1.493317166380796152e+03
1.501563227964921225e+03
1.509814053818633283e+03
1.518070200099154135e+03
1.526331040365923627e+03
1.534596452638890923e+03
1.542866879466257615e+03
1.551141738966034154e+03
1.559421014974452646e+03
1.567704934555026739e+03
1.575993088394484403e+03
1.584285479837180446e+03
1.592582152696139701e+03
1.600882886652615980e+03
1.609187649678221078e+03
1.617496375795696849e+03
1.625808988838630512e+03
1.634125407806936892e+03
1.642445519350150335e+03
1.650769332194944809e+03
1.659096728101957751e+03
1.667427583808830377e+03
1.675761943951315743e+03
1.684099672716779878e+03
1.692440653919069064e+03
1.700784936240915613e+03
1.709132383541449599e+03
1.717482891693130341e+03
1.725836496585425493e+03
1.734193072917070594e+03
1.742552528177611521e+03
1.750914878944852489e+03
1.759280016009702649e+03
1.767647856359689285e+03
1.776018396801052859e+03
1.784391545105149362e+03
1.792767225624184675e+03
1.801145418056517656e+03
1.809526045306925198e+03
1.817909037439987060e+03
1.826294361131847609e+03
1.834681951084697630e+03
1.843071741860049542e+03
1.851463691760385927e+03
1.859857743303585721e+03
1.868253834529442656e+03
1.876651920178352157e+03
1.885051946529049246e+03
1.893453854009742372e+03
1.901857598547518592e+03
1.910263126491867069e+03
1.918670379290680785e+03
1.927079318510396433e+03
1.935489887628312317e+03
1.943902027379164338e+03
1.952315708792408259e+03
1.960730870614723472e+03
1.969147450858757566e+03
1.977565432765785090e+03
1.985984749824226128e+03
1.994405335328581032e+03
2.002827185905367060e+03
2.011250230668277254e+03
2.019674396679936763e+03
2.028099693114890215e+03
2.036526046852855870e+03
2.044953378254414247e+03
2.053381705981882533e+03
2.061810957662560668e+03
2.070241048026859062e+03
2.078672000104334984e+03
2.087103745449380312e+03
2.095536196027336246e+03
2.103969372679982371e+03
2.112403213504547239e+03
2.120837632211690106e+03
2.129272640520276582e+03
2.137708184409208570e+03
2.146144184889090411e+03
2.154580638539100164e+03
2.163017498812804206e+03
2.171454699644604716e+03
2.179892218613329533e+03
2.188330014442022275e+03
2.196768038531118691e+03
2.205206248597528884e+03
2.213644605079312896e+03
2.222083079237580932e+03
2.230521611270418816e+03
2.238960159317835405e+03
2.247398714019488580e+03
2.255837203112346288e+03
2.264275579080643183e+03
2.272713848375344696e+03
2.281151933003120575e+03
2.289589778102412311e+03
2.298027399673916079e+03
2.306464721088482293e+03
2.314901680708794629e+03
2.323338296071612604e+03
2.331774498110513832e+03
2.340210221227816419e+03
2.348645476048278397e+03
2.357080205419897538e+03
2.365514344241160870e+03
2.373947888758108547e+03
2.382380795746303647e+03
2.390813005709717800e+03
2.399244495230801931e+03
2.407675234690290381e+03
2.416105174887577959e+03
2.424534270365202701e+03
2.432962502885261529e+03
2.441389836936549727e+03
2.449816205682578129e+03
2.458241598868901747e+03
2.466665996265457579e+03
2.475089312926432740e+03
2.483511542849067155e+03
2.491932680781936142e+03
2.500352628739183274e+03
2.508771381675401244e+03
2.517188947378801004e+03
2.525605220741726498e+03
2.534020195381024678e+03
2.542433889028416161e+03
2.550846195354509291e+03
2.559257105625443273e+03
2.567666643817575277e+03
2.576074707634172228e+03
2.584481286270667624e+03
2.592886406145655656e+03
2.601289973284667667e+03
2.609691976186373722e+03
2.618092440159375656e+03
2.626491282857014994e+03
2.634888494222349436e+03
2.643284095322468147e+03
2.651678017979282231e+03
2.660070256101783343e+03
2.668460823811260070e+03
2.676849669242198615e+03
2.685236792757168132e+03
2.693622199169233681e+03
2.702005855085921667e+03
2.710387769333091910e+03
2.718767935331485205e+03
2.727146340682100345e+03
2.735523003717158190e+03
2.743897904751102942e+03
2.752271055402392449e+03
2.760642483065230408e+03
2.769012153965921698e+03
2.777380107069756832e+03
2.785746376435522052e+03
2.794110914619617233e+03
2.802473790907276907e+03
2.810835041452796304e+03
2.819194607818076747e+03
2.827552591072482755e+03
2.835909023023831196e+03
2.844263839900728271e+03
2.852617173037221164e+03
2.860969042631418233e+03
2.869319388349899782e+03
2.877668365926104798e+03
2.886015977679471234e+03
2.894362177667193009e+03
2.902707135202368136e+03
2.911050831646657116e+03
2.919393246471875955e+03
2.927734547545039277e+03
2.936074697183320495e+03
2.944413708505026079e+03
2.952751731012615892e+03
2.961088715413657610e+03
2.969424711243936144e+03
2.977759834262051299e+03
2.986094035260186502e+03
2.994427396111230792e+03
3.002759988502780743e+03
3.011091776426784691e+03
3.019422863718940789e+03
3.027753275104891600e+03
3.036082998836066963e+03
3.044412146438107811e+03
3.052740700647123504e+03
3.061068680098245295e+03
3.069396189232814777e+03
3.077723180023362147e+03
3.086049701342066783e+03
3.094375838524763367e+03
3.102701527262847321e+03
3.111026840734320558e+03
3.119351838065508218e+03
3.127676453054349167e+03
3.136000773373845732e+03
3.144324830400636529e+03
3.152648567593299958e+03
3.160972075962848976e+03
3.169295362417394699e+03
3.177618387247337978e+03
3.185941234658828762e+03
3.194263893562233989e+03
3.202586343604220929e+03
3.210908654700164789e+03
3.219230805512932420e+03
3.227552793667526657e+03
3.235874670687101116e+03
3.244196412336611047e+03
3.252518030239411473e+03
3.260839556713456204e+03
3.269160970422667560e+03
3.277482291820145747e+03
3.285803535831565114e+03
3.294124687720502607e+03
3.302445771618194613e+03
3.310766788565998468e+03
3.319087732016271730e+03
3.327408625476693942e+03
3.335729460362269492e+03
3.344050238140406236e+03
3.352370978673768604e+03
3.360691667969771970e+03
3.369012314107293150e+03
3.377332931649643797e+03
3.385653504825097116e+03
3.393974046256330439e+03
3.402294564764610641e+03
3.410615045535692389e+03
3.418935503499150855e+03
3.427255942212073933e+03
3.435576349576205303e+03
3.443896740791155480e+03
3.452217115212211866e+03
3.460537464309564257e+03
3.468857801944967832e+03
3.477178124602963635e+03
3.485498427437741611e+03
3.493818721895125236e+03
3.502139002931912273e+03
3.510459268976876956e+03
3.518779528511358421e+03
3.527099776138393736e+03
3.535420012839995707e+03
3.543740244044577139e+03
3.552060464901465821e+03
3.560380678099104443e+03
3.568700886276677466e+03
3.577021085716987727e+03
3.585341279987605958e+03
3.593661469433236562e+03
3.601981651756175324e+03
3.610301830694029377e+03
3.618622004907438168e+03
3.626942173548622577e+03
3.635262339989213160e+03
3.643582501834331651e+03
3.651902659524839237e+03
3.660222815721347615e+03
3.668542967546718046e+03
3.676863116446686490e+03
3.685183264206674721e+03
3.693503407937520024e+03
3.701823549748571168e+03
3.710143690538072860e+03
3.718463827748234507e+03
3.726783963807731652e+03
3.735104098829172926e+03
3.743424230798893859e+03
3.751744362158271997e+03
3.760064492407909711e+03
3.768384620171629194e+03
3.776704747660627163e+03
3.785024873970400677e+03
3.793344998357336408e+03
3.801665122635764874e+03
3.809985245703654527e+03
3.818305367372919136e+03
3.826625488971529194e+03
3.834945609383745250e+03
3.843265728855024008e+03
3.851585848207000708e+03
3.859905966454593454e+03
3.868226084134949360e+03
3.876546201599540382e+03
3.884866318091373159e+03
3.893186434298473614e+03
3.901506550178202815e+03
3.909826665251665418e+03
3.918146780233606023e+03
3.926466894786435660e+03
3.934787008716808486e+03
3.943107122668671309e+03
3.951427236116351651e+03
3.959747349125362234e+03
3.968067462202681781e+03
3.976387574736364968e+03
3.984707687000199257e+03
3.993027799329563095e+03
4.001347911113585269e+03
4.009668022770431890e+03
4.017988134457506931e+03
4.026308245632057606e+03
4.034628356789140980e+03
4.042948467924471061e+03
4.051268578607682230e+03
4.059588689347686341e+03
4.067908800010636241e+03
4.076228910300463212e+03
4.084549020687231405e+03
4.092869130948470684e+03
4.101189240924591104e+03
4.109509351008012345e+03
4.117829460930916866e+03
4.126149570656748438e+03
4.134469680476776375e+03
4.142789790118088604e+03
4.151109899642941855e+03
4.159430009232743942e+03
4.167750118642801681e+03
4.176070228004125966e+03
4.184390337392402216e+03
4.192710446615163164e+03
4.201030555840796296e+03
4.209350665053352714e+03
4.217670774126408105e+03
4.225990883236735499e+03
4.234310992297427219e+03
4.242631101252115513e+03
4.250951210262049244e+03
4.259271319193227100e+03
4.267591428054913195e+03
4.275911536975613672e+03
4.284231645798211503e+03
4.292551754586751485e+03
4.300871863427038079e+03
4.309191972160431760e+03
4.317512080890801371e+03
4.325832189658235620e+03
4.334152298319996589e+03
4.342472407003047010e+03
4.350792515704683865e+03
4.359112624310313549e+03
4.367432732953588129e+03
4.375752841596427061e+03
4.384072950159154971e+03
4.392393058767716866e+03
4.400713167358897408e+03
4.409033275889577453e+03
4.417353384466783609e+03
4.425673493013582629e+03
4.433993601520714947e+03
4.442313710068899127e+03
4.450633818578588034e+03
4.458953927068460871e+03
4.467274035589483901e+03
4.475594144069105823e+03
4.483914252546043826e+03
4.492234361041702869e+03
4.500554469497830723e+03
4.508874577964524178e+03
4.517194686436815573e+03
4.525514794875324696e+03
4.533834903333195143e+03
4.542155011784439921e+03
4.550475120210334353e+03
4.558795228659919303e+03
4.567115337092774098e+03
4.575435445510082900e+03
4.583755553951391448e+03
4.592075662368774829e+03
4.600395770780524799e+03
4.608715879213350490e+03
4.617035987618309264e+03
4.625356096026574050e+03
4.633676204450738624e+03
4.641996312846288674e+03
4.650316421252297914e+03
4.658636529667825926e+03
4.666956638056790325e+03
4.675276746461084258e+03
4.683596854868298578e+03
4.691916963253168433e+03
4.700237071655779800e+03
4.708557180055329809e+03
4.716877288438163305e+03
4.725197396838802888e+03
4.733517505231638097e+03
4.741837613613996837e+03
4.750157722012227168e+03
4.758477830399523555e+03
4.766797938782465280e+03
4.775118047177851622e+03
4.783438155560916130e+03
4.791758263945021099e+03
4.800078372337243309e+03
4.808398480717408347e+03
4.816718589102846636e+03
4.825038697491771927e+03
4.833358805870292599e+03
4.841678914256912321e+03
4.849999022642629825e+03
4.858319131020601162e+03
4.866639239408033063e+03
4.874959347790849279e+03
4.883279456169144396e+03
4.891599564556902806e+03
4.899919672937308860e+03
4.908239781316546214e+03
4.916559889704126363e+03
4.924879998082745260e+03
4.933200106463282282e+03
4.941520214850236698e+03
4.949840323227759654e+03
4.958160431609714578e+03
4.966480539995709478e+03
4.974800648372827709e+03
4.983120756756116862e+03
4.991440865140965798e+03
4.999760973518314131e+03
5.008081081902705591e+03
5.016401190286379460e+03
5.024721298664484493e+03
5.033041407049655390e+03
5.041361515432269698e+03
5.049681623811520694e+03
5.058001732197115416e+03
5.066321840578905721e+03
5.074641948959538240e+03
5.082962057345222092e+03
5.091282165726504900e+03
5.099602274108601705e+03
5.107922382494099111e+03
5.116242490875230033e+03
5.124562599258739283e+03
5.132882707643861067e+03
5.141202816025193897e+03
5.149522924409956431e+03
5.157843032794613464e+03
5.166163141176465615e+03
5.174483249562248602e+03
5.182803357946451797e+03
5.191123466329073381e+03
5.199443574715607610e+03
5.207763683099453374e+03
5.216083791483011737e+03
5.224403899870025271e+03
5.232724008253677312e+03
5.241044116638251580e+03
5.249364225025501582e+03
5.257684333409165447e+03
5.266004441794747436e+03
5.274324550182040184e+03
5.282644658565934151e+03
5.290964766952442915e+03
5.299284875339649261e+03
5.307604983723979785e+03
5.315925092111279810e+03
5.324245200498339727e+03
5.332565308883280522e+03
5.340885417271202641e+03
5.349205525658118859e+03
5.357525634043796344e+03
5.365845742432161387e+03
5.374165850818993022e+03
5.382485959205475410e+03
5.390806067594113301e+03
5.399126175980958578e+03
5.407446284368258603e+03
5.415766392757026551e+03
5.424086501144006434e+03
5.432406609532081347e+03
5.440726717920873853e+03
5.449046826308112941e+03
5.457366934696879071e+03
5.465687043085634286e+03
5.474007151473246267e+03
5.482327259862589926e+03
5.490647368251292392e+03
5.498967476639367305e+03
5.507287585029159345e+03
5.515607693417830887e+03
5.523927801806427851e+03
5.532247910196538214e+03
5.540568018585234313e+03
5.548888126974374245e+03
5.557208235364687425e+03
5.565528343753482659e+03
5.573848452143152826e+03
5.582168560533572418e+03
5.590488668922551369e+03
5.598808777312709026e+03
5.607128885703169544e+03
5.615448994092412249e+03
5.623769102482989183e+03
5.632089210873454249e+03
5.640409319263030739e+03
5.648729427653946004e+03
5.657049536044408342e+03
5.665369644434367729e+03
5.673689752825534924e+03
5.682009861216014542e+03
5.690329969606382292e+03
5.698650077997720473e+03
5.706970186388253751e+03
5.715290294779031683e+03
5.723610403170469908e+03
5.731930511561106869e+03
5.740250619952272245e+03
5.748570728343759583e+03
5.756890836734552067e+03
5.765210945126063962e+03
5.773531053517566761e+03
5.781851161908562062e+03
5.790171270300365904e+03
5.798491378691873251e+03
5.806811487083109569e+03
5.815131595475143513e+03
5.823451703866662683e+03
5.831771812258164573e+03
5.840091920650367683e+03
5.848412029041920505e+03
5.856732137433696153e+03
5.865052245826012040e+03
5.873372354217631255e+03
5.881692462609672475e+03
5.890012571002054756e+03
5.898332679393776743e+03
5.906652787786061708e+03
5.914972896178478550e+03
5.923293004570339690e+03
5.931613112962835658e+03
5.939933221355267960e+03
5.948253329747300086e+03
5.956573438139967948e+03
5.964893546532411165e+03
5.973213654924635193e+03
5.981533763317432204e+03
5.989853871709894520e+03
5.998173980102323185e+03
6.006494088495209326e+03
6.014814196887708022e+03
6.023134305280340413e+03
6.031454413673282033e+03
6.039774522065838937e+03
6.048094630458663232e+03
6.056414738851634866e+03
6.064734847244274533e+03
6.073054955637271632e+03
6.081375064030256908e+03
6.089695172423001168e+03
6.098015280816143786e+03
6.106335389209136338e+03
6.114655497602004289e+03
6.122975605995262413e+03
6.131295714388264969e+03
6.139615822781267525e+03
6.147935931174610232e+03
6.156256039567633707e+03
6.164576147960774506e+03
6.172896256354174511e+03
6.181216364747233456e+03
6.189536473140507951e+03
6.197856581533943427e+03
6.206176689927056941e+03
6.214496798320453308e+03
6.222816906713906974e+03
6.231137015107092338e+03
6.239457123500595117e+03
6.247777231894057877e+03
6.256097340287329644e+03
6.264417448680918824e+03
6.272737557074388860e+03
6.281057665467758852e+03
6.289377773861413516e+03
6.297697882254894466e+03
6.306017990648368141e+03
6.314338099042067370e+03
6.322658207435568329e+03
6.330978315829144776e+03
6.339298424222872200e+03
6.347618532616404082e+03
6.355938641010077845e+03
6.364258749403820730e+03
6.372578857797396267e+03
6.380898966191157342e+03
6.389219074584906593e+03
6.397539182978536701e+03
6.405859291372371445e+03
6.414179399766124334e+03
6.422499508159818106e+03
6.430819616553711057e+03
6.439139724947469404e+03
6.447459833341232297e+03
6.455779941735167995e+03
6.464100050128937255e+03
6.472420158522771089e+03
6.480740266916734981e+03
6.489060375310523341e+03
6.497380483704426297e+03
6.505700592098407469e+03
6.514020700492224023e+03
6.522340808886189734e+03
6.530660917280180001e+03
6.538981025674033845e+03
6.547301134068054125e+03
6.555621242462048940e+03
6.563941350855948258e+03
6.572261459250012194e+03
6.580581567644009738e+03
6.588901676037959987e+03
6.597221784432057575e+03
6.605541892826060575e+03
6.613862001220064485e+03
6.622182109614184810e+03
6.630502218008198724e+03
6.638822326402256294e+03
6.647142434796390262e+03
6.655462543190420547e+03
6.663782651584529049e+03
6.672102759978669383e+03
6.680422868372722405e+03
6.688742976766876382e+03
6.697063085161019444e+03
6.705383193555101570e+03
6.713703301949292836e+03
6.722023410343437718e+03
6.730343518737553495e+03
6.738663627131774774e+03
6.746983735525922384e+03
6.755303843920074542e+03
6.763623952314317648e+03
6.771944060708470715e+03
6.780264169102661072e+03
6.788584277496918730e+03
6.796904385891080892e+03
6.805224494285307628e+03
6.813544602679573472e+03
6.821864711073751096e+03
6.830184819468010573e+03
6.838504927862280056e+03
6.846825036256477688e+03
6.855145144650766269e+03
6.863465253045037571e+03
6.871785361439259759e+03
6.880105469833571078e+03
6.888425578227843289e+03
6.896745686622092762e+03
6.905065795016420452e+03
6.913385903410695391e+03
6.921706011804973059e+03
6.930026120199312572e+03
6.938346228593592969e+03
6.946666336987899740e+03
6.954986445382245620e+03
6.963306553776534201e+03
6.971626662170868258e+03
6.979946770565217776e+03
6.988266878959519090e+03
6.996586987353876793e+03
7.004907095748227221e+03
7.013227204142543997e+03
7.021547312536921709e+03
7.029867420931272136e+03
7.038187529325608011e+03
7.046507637720002094e+03
7.054827746114353431e+03
7.063147854508709315e+03
7.071467962903114312e+03
7.079788071297468377e+03
7.088108179691844271e+03
7.096428288086256543e+03
7.104748396480616066e+03
7.113068504875011968e+03
7.121388613269427879e+03
7.129708721663794677e+03
7.138028830058208769e+03
7.146348938452626498e+03
7.154669046847005120e+03
7.162989155241434673e+03
7.171309263635852403e+03
7.179629372030243758e+03
7.187949480424685134e+03
7.196269588819102864e+03
7.204589697213509680e+03
7.212909805607960152e+03
7.221229914002379701e+03
7.229550022396801978e+03
7.237870130791257907e+03
7.246190239185680184e+03
7.254510347580118832e+03
7.262830455974578399e+03
7.271150564369005224e+03
7.279470672763458424e+03
7.287790781157918900e+03
7.296110889552353001e+03
7.304430997946819843e+03
7.312751106341280320e+03
7.321071214735722606e+03
7.329391323130200362e+03
7.337711431524660838e+03
7.346031539919114039e+03
7.354351648313599981e+03
7.362671756708060457e+03
7.370991865102524571e+03
7.379311973497015970e+03
7.387632081891478265e+03
7.395952190285954202e+03
7.404272298680449239e+03
7.412592407074914263e+03
7.420912515469401114e+03
7.429232623863897970e+03
7.437552732258367541e+03
7.445872840652864397e+03
7.454192949047362163e+03
7.462513057441838100e+03
7.470833165836343142e+03
7.479153274230840907e+03
7.487473382625324120e+03
7.495793491019835528e+03
7.504113599414333294e+03
7.512433707808824693e+03
7.520753816203341557e+03
7.529073924597839323e+03
7.537394032992339817e+03
7.545714141386859410e+03
7.554034249781358994e+03
7.562354358175868583e+03
7.570674466570389995e+03
7.578994574964892308e+03
7.587314683359410083e+03
7.595634791753931495e+03
7.603954900148437446e+03
7.612275008542963405e+03
7.620595116937484818e+03
7.628915225331996226e+03
7.637235333726527642e+03
7.645555442121048145e+03
7.653875550515565010e+03
7.662195658910100974e+03
7.670515767304621477e+03
7.678835875699144708e+03
7.687155984093684310e+03
7.695476092488205722e+03
7.703796200882736230e+03
7.712116309277277651e+03
7.720436417671800882e+03
7.728756526066337756e+03
7.737076634460879177e+03
7.745396742855405137e+03
7.753716851249947467e+03
7.762036959644488888e+03
7.770357068039018486e+03
7.778677176433565364e+03
7.786997284828106785e+03
7.795317393222640021e+03
7.803637501617190537e+03
7.811957610011731958e+03
7.820277718406270651e+03
7.828597826800823896e+03
7.836917935195365317e+03
7.845238043589909466e+03
7.853558151984464530e+03
7.861878260379006861e+03
7.870198368773556467e+03
7.878518477168111531e+03
7.886838585562655680e+03
7.895158693957209834e+03
7.903478802351764898e+03
7.911798910746310867e+03
7.920119019140869568e+03
7.928439127535424632e+03
7.936759235929974238e+03
7.945079344324535668e+03
7.953399452719090732e+03
7.961719561113643977e+03
7.970039669508208135e+03
7.978359777902762289e+03
7.986679886297319172e+03
7.994999994691885149e+03
8.003320103086440213e+03
8.011640211481000733e+03
8.019960319875567620e+03
8.028280428270123593e+03
8.036600536664687752e+03
8.044920645059254639e+03
8.053240753453812431e+03
8.061560861848380227e+03
8.069880970242947114e+03
8.078201078637506725e+03
8.086521187032077250e+03
8.094841295426644137e+03
8.103161403821206477e+03
8.111481512215778821e+03
8.119801620610345708e+03
8.128121729004910776e+03
8.136441837399484939e+03
8.144761945794051826e+03
8.153082054188620532e+03
8.161402162583194695e+03
8.169722270977761582e+03
8.178042379372333016e+03
8.186362487766908089e+03
8.194682596161475885e+03
8.203002704556050958e+03
8.211322812950626030e+03
8.219642921345195646e+03
8.227963029739772537e+03
8.236283138134347610e+03
8.244603246528919044e+03
8.252923354923497754e+03
8.261243463318071008e+03
8.269563571712644261e+03
8.277883680107224791e+03
8.286203788501798044e+03
8.294523896896373117e+03
8.302844005290953646e+03
8.311164113685528719e+03
8.319484222080107429e+03
8.327804330474689777e+03
8.336124438869264850e+03
8.344444547263845379e+03
8.352764655658427728e+03
8.361084764053002800e+03
8.369404872447585149e+03
8.377724980842165678e+03
8.386045089236742569e+03
8.394365197631326737e+03
8.402685306025907266e+03
8.411005414420485977e+03
8.419325522815070144e+03
8.427645631209650674e+03
8.435965739604231203e+03
8.444285847998817189e+03
8.452605956393397719e+03
8.460926064787980067e+03
8.469246173182566054e+03
8.477566281577146583e+03
8.485886389971730750e+03
8.494206498366316737e+03
8.502526606760899085e+03
8.510846715155485072e+03
8.519166823550071058e+03
8.527486931944653406e+03
8.535807040339241212e+03
8.544127148733827198e+03
8.552447257128411366e+03
8.560767365522999171e+03
8.569087473917585157e+03
8.577407582312171144e+03
8.585727690706760768e+03
8.594047799101346754e+03
8.602367907495932741e+03
8.610688015890522365e+03
8.619008124285108352e+03
8.627328232679696157e+03
8.635648341074285781e+03
8.643968449468871768e+03
8.652288557863461392e+03
8.660608666258051016e+03
8.668928774652637003e+03
8.677248883047228446e+03
8.685568991441818071e+03
8.693889099836405876e+03
8.702209208230997319e+03
8.710529316625586944e+03
8.718849425020174749e+03
8.727169533414766192e+03
8.735489641809355817e+03
8.743809750203945441e+03
8.752129858598538704e+03
8.760449966993128328e+03
8.768770075387719771e+03
8.777090183782313034e+03
8.785410292176902658e+03
8.793730400571494101e+03
8.802050508966087364e+03
8.810370617360676988e+03
8.818690725755270250e+03
8.827010834149863513e+03
8.835330942544454956e+03
8.843651050939048218e+03
8.851971159333641481e+03
8.860291267728232924e+03
8.868611376122828005e+03
8.876931484517421268e+03
8.885251592912012711e+03
8.893571701306607793e+03
8.901891809701199236e+03
8.910211918095792498e+03
8.918532026490387580e+03
8.926852134884979023e+03
8.935172243279572285e+03
8.943492351674167367e+03
8.951812460068760629e+03
8.960132568463355710e+03
8.968452676857950792e+03
8.976772785252544054e+03
8.985092893647139135e+03
8.993413002041734217e+03
9.001733110436327479e+03
9.010053218830924379e+03
9.018373327225519461e+03
9.026693435620112723e+03
9.035013544014709623e+03
9.043333652409304705e+03
9.051653760803899786e+03
9.059973869198496686e+03
9.068293977593091768e+03
9.076614085987686849e+03
9.084934194382283749e+03
9.093254302776878831e+03
9.101574411171475731e+03
9.109894519566072631e+03
9.118214627960667713e+03
9.126534736355264613e+03
9.134854844749861513e+03
9.143174953144456595e+03
9.151495061539053495e+03
9.159815169933650395e+03
9.168135278328245477e+03
9.176455386722844196e+03
9.184775495117441096e+03
9.193095603512037997e+03
9.201415711906636716e+03
9.209735820301233616e+03
9.218055928695830517e+03
9.226376037090429236e+03
9.234696145485026136e+03
9.243016253879623036e+03
9.251336362274221756e+03
9.259656470668818656e+03
9.267976579063417375e+03
9.276296687458016095e+03
9.284616795852612995e+03
9.292936904247211714e+03
9.301257012641810434e+03
9.309577121036407334e+03
9.317897229431006053e+03
9.326217337825604773e+03
9.334537446220201673e+03
9.342857554614800392e+03
9.351177663009399112e+03
9.359497771403997831e+03
9.367817879798596550e+03
9.376137988193195270e+03
9.384458096587793989e+03
9.392778204982392708e+03
9.401098313376991428e+03
9.409418421771590147e+03
9.417738530166188866e+03
9.426058638560787585e+03
9.434378746955386305e+03
9.442698855349985024e+03
9.451018963744583743e+03
9.459339072139184282e+03
9.467659180533783001e+03
9.475979288928381720e+03
9.484299397322982259e+03
9.492619505717580978e+03
9.500939614112179697e+03
9.509259722506780236e+03
9.517579830901378955e+03
9.525899939295977674e+03
9.534220047690578212e+03
9.542540156085176932e+03
9.550860264479777470e+03
9.559180372874378008e+03
9.567500481268976728e+03
9.575820589663577266e+03
9.584140698058177804e+03
9.592460806452776524e+03
9.600780914847377062e+03
9.609101023241977600e+03
9.617421131636576320e+03
9.625741240031176858e+03
9.634061348425777396e+03
9.642381456820377934e+03
9.650701565214978473e+03
9.659021673609579011e+03
9.667341782004179549e+03
9.675661890398780088e+03
9.683981998793380626e+03
9.692302107187981164e+03
9.700622215582581703e+03
9.708942323977182241e+03
9.717262432371782779e+03
9.725582540766383318e+03
9.733902649160983856e+03
9.742222757555584394e+03
9.750542865950184932e+03
9.758862974344785471e+03
9.767183082739386009e+03
9.775503191133986547e+03
9.783823299528587086e+03
9.792143407923187624e+03
9.800463516317788162e+03
9.808783624712388701e+03
9.817103733106991058e+03
9.825423841501591596e+03
9.833743949896192134e+03
9.842064058290794492e+03
9.850384166685395030e+03
9.858704275079995568e+03
9.867024383474597926e+03
9.875344491869198464e+03
9.883664600263800821e+03
9.891984708658403179e+03
9.900304817053003717e+03
9.908624925447606074e+03
9.916945033842206612e+03
9.925265142236807151e+03
9.933585250631409508e+03
9.941905359026010046e+03
9.950225467420610585e+03
9.958545575815212942e+03
9.966865684209813480e+03
9.975185792604414019e+03
9.983505900999016376e+03
9.991826009393616914e+03
1.000014611778821927e+04
1.000846622618282163e+04
1.001678633457742217e+04
1.002510644297202452e+04
1.003342655136662688e+04
1.004174665976122742e+04
1.005006676815582978e+04
1.005838687655043213e+04
1.006670698494503449e+04
1.007502709333963685e+04
1.008334720173423921e+04
1.009166731012884156e+04
1.009998741852344392e+04
1.010830752691804628e+04
1.011662763531264864e+04
1.012494774370725099e+04
1.013326785210185335e+04
1.014158796049645571e+04
1.014990806889105806e+04
1.015822817728566042e+04
1.016654828568026278e+04
1.017486839407486514e+04
1.018318850246946749e+04
1.019150861086406985e+04
1.019982871925867221e+04
1.020814882765327457e+04
1.021646893604787692e+04
1.022478904444247928e+04
1.023310915283708164e+04
1.024142926123168399e+04
1.024974936962628635e+04
1.025806947802088871e+04
1.026638958641549107e+04
1.027470969481009342e+04
1.028302980320469578e+04
1.029134991159929814e+04
1.029967001999390050e+04
1.030799012838850285e+04
1.031631023678310521e+04
1.032463034517770757e+04
1.033295045357230993e+04
1.034127056196691228e+04
1.034959067036151464e+04
1.035791077875611700e+04
1.036623088715071935e+04
1.037455099554532171e+04
1.038287110393992407e+04
1.039119121233452643e+04
1.039951132072912878e+04
1.040783142912373114e+04
1.041615153751833350e+04
1.042447164591293586e+04
1.043279175430753821e+04
1.044111186270214057e+04
1.044943197109674293e+04
1.045775207949134528e+04
1.046607218788594764e+04
1.047439229628055000e+04
1.048271240467515236e+04
1.049103251306975471e+04
1.049935262146435707e+04
1.050767272985895943e+04
1.051599283825356179e+04
1.052431294664816414e+04
1.053263305504276650e+04
1.054095316343736886e+04
1.054927327183197121e+04
1.055759338022657357e+04
1.056591348862117593e+04
1.057423359701577829e+04
1.058255370541038064e+04
1.059087381380498300e+04
1.059919392219958536e+04
1.060751403059418772e+04
1.061583413898879007e+04
1.062415424738339243e+04
1.063247435577799479e+04
1.064079446417259715e+04
1.064911457256719950e+04
1.065743468096180186e+04
1.066575478935640422e+04
