0.000000000000000000e+00
3.342545847995069986e-05
1.334116018816928963e-04
2.994657077052592566e-04
5.310171221923746555e-04
8.274156197866032979e-04
1.187929969253427196e-03
1.611746707952860236e-03
2.097969126233336160e-03
2.645616464345741919e-03
3.253623324660974078e-03
3.920839302313641750e-03
4.646028837688871357e-03
5.427871294418629144e-03
6.264961266758792453e-03
7.155809120378370421e-03
8.098841770707918344e-03
9.092403703065070342e-03
1.013475823880137690e-02
1.122408905169612267e-02
1.235850193875939577e-02
1.353602684949830118e-02
1.475462017754687431e-02
1.601216731836183765e-02
1.730648549644266121e-02
1.863532686524602827e-02
1.999638188263088909e-02
2.138728296429220216e-02
2.280560841721817819e-02
2.424888665473865293e-02
2.571460069422094527e-02
2.720019293791502146e-02
2.870307023685262499e-02
3.022060923706562999e-02
3.175016200670885413e-02
3.328906194195221935e-02
3.483462994874844676e-02
3.638418089678588374e-02
3.793503034110436850e-02
3.948450150598546704e-02
4.102993252483055214e-02
4.256868392881162783e-02
4.409814637612377575e-02
4.561574861268756498e-02
4.711896565414458449e-02
4.860532717796778313e-02
5.007242611346757188e-02
5.151792741642191586e-02
5.293957701399665261e-02
5.433521090455360747e-02
5.570276439587412004e-02
5.704028146425759588e-02
5.834592421589231137e-02
5.961798243084674709e-02
6.085488316899235334e-02
6.205520041615494170e-02
6.321766474780188272e-02
6.434117298661232165e-02
6.542479782935337052e-02
6.646779741760122651e-02
6.746962482600776800e-02
6.842993744102604525e-02
6.934860620227707717e-02
7.022572467807089436e-02
7.106161794599273607e-02
7.185685124893503861e-02
7.261223839650286782e-02
7.332884988134244497e-02
7.400802067968552389e-02
7.465135770517038194e-02
7.526074688493754328e-02
7.583835982699183020e-02
7.638666004794184006e-02
7.690840873042206760e-02
7.740666997987498410e-02
7.788481555078441421e-02
7.834652901303068573e-02
7.879580932972032881e-02
7.923697381865134337e-02
7.967466047050557332e-02
8.011382959791588099e-02
8.055976479073612140e-02
8.101807315414787103e-02
8.149468480766781930e-02
8.199585162467244726e-02
8.252814519373138924e-02
8.309845398483368950e-02
8.371397970550049916e-02
8.438223283379972517e-02
8.511102731740569083e-02
8.590847443008220452e-02
8.678297577929595941e-02
8.774321546108944381e-02
8.879815136084941163e-02
8.995700560119256062e-02
9.122925414084188944e-02
9.262461553108450318e-02
9.415303883916849303e-02
9.582469075080675414e-02
9.764994186679885890e-02
9.963935221164796352e-02
1.018036559749258690e-01
1.041537455090060932e-01
1.067006546096874869e-01
1.094555411090125524e-01
1.124296688124569593e-01
1.156343888153619909e-01
1.190811202362395127e-01
1.227813304071702638e-01
1.267465145640687407e-01
1.309881750820329482e-01
1.355178003033327971e-01
1.403468430078047835e-01
1.454866985775009336e-01
1.509486829093771021e-01
1.567440101315840384e-01
1.628837701805400662e-01
1.693789062974007387e-01
1.762401925037906381e-01
1.834782111177211128e-01
1.911033303714697040e-01
1.991256821938394428e-01
2.075551402196458839e-01
2.164012980894800819e-01
2.256734481027758421e-01
2.353805602869562807e-01
2.455312619449483424e-01
2.561338177426377705e-01
2.671961103968593099e-01
2.787256220233809700e-01
2.907294162028499773e-01
3.032141208210809569e-01
3.161859117381279338e-01
3.296504973385493975e-01
3.436131040129248859e-01
3.580784626181795494e-01
3.730507959615619873e-01
3.885338073502207501e-01
4.045306702452511338e-01
4.210440190558442652e-01
4.380759411057799091e-01
4.556279698009752521e-01
4.737010790231507285e-01
4.922956787709112936e-01
5.114116120656913012e-01
5.310481531360785601e-01
5.512040068900481149e-01
5.718773096806027967e-01
5.930656313662644452e-01
6.147659786637976742e-01
6.369747997865014000e-01
6.596879903573598103e-01
6.829009005824243639e-01
7.066083436658170402e-01
7.308046054439809591e-01
7.554834552130109682e-01
7.806381577193436394e-01
8.062614862805602689e-01
8.323457369997249167e-01
8.588827440335005114e-01
8.858638958712744538e-01
9.132801525797016318e-01
9.411220639644440888e-01
9.693797885984655194e-01
9.980431136640292022e-01
1.027101475553569898e+00
1.056543981172852753e+00
1.086359429888320793e+00
1.116536336059248846e+00
1.147062952094295873e+00
1.177927291971253565e+00
1.209117155158248691e+00
1.240620150874342631e+00
1.272423722627460396e+00
1.304515172967714021e+00
1.336881688394606638e+00
1.369510364357298338e+00
1.402388230287940463e+00
1.435502274609191886e+00
1.468839469658317132e+00
1.502386796471766095e+00
1.536131269375808683e+00
1.570059960330657534e+00
1.604160022977538347e+00
1.638418716340336090e+00
1.672823428135771673e+00
1.707361697648504428e+00
1.742021238130120331e+00
1.776789958683628878e+00
1.811655985597841578e+00
1.846607683098841823e+00
1.881633673488613656e+00
1.916722856643893858e+00
1.951864428851232569e+00
1.987047900957233493e+00
2.022263115816005374e+00
2.057500265018812335e+00
2.092749904893913548e+00
2.128002971767541496e+00
2.163250796479897708e+00
2.198485118152926354e+00
2.233698097209447120e+00
2.268882327645994401e+00
2.304030848564399214e+00
2.339137154969759713e+00
2.374195207844972177e+00
2.409199443514428385e+00
2.444144782311822972e+00
2.479026636569253039e+00
2.513840917946908338e+00
2.548584044124721615e+00
2.583252944879220081e+00
2.617845067570624185e+00
2.652358382066984266e+00
2.686791385133692867e+00
2.721143104318197725e+00
2.755413101361110062e+00
2.789601475166168854e+00
2.823708864362676874e+00
2.857736449495083875e+00
2.891685954875359066e+00
2.925559650134659684e+00
2.959360351511588050e+00
2.993091422915025834e+00
3.026756776800159976e+00
3.060360874896860039e+00
3.093908728830040644e+00
3.127405900672105776e+00
3.160858503467897762e+00
3.194273201772894311e+00
3.227657212245741647e+00
3.261018304336401386e+00
3.294364801111450802e+00
3.327705580258268903e+00
3.361050075310055174e+00
3.394408277133810437e+00
3.427790735723623694e+00
3.461208562341814510e+00
3.494673432050719786e+00
3.528197586678173181e+00
3.561793838260027378e+00
3.595475573003412251e+00
3.629256755814800783e+00
3.663151935437451101e+00
3.697176250243262796e+00
3.731345434724692822e+00
3.765675826733095199e+00
3.800184375510580193e+00
3.834888650563371026e+00
3.869806851425626082e+00
3.904957818363778976e+00
3.940361044072683505e+00
3.976036686416198229e+00
4.012005582266350956e+00
4.048289262496871821e+00
4.084909968188707552e+00
4.121890668107101696e+00
4.159255077511994969e+00
4.197027678365895298e+00
4.235233741005865582e+00
4.273899347349092714e+00
4.313051415704515001e+00
4.352717727266182557e+00
4.392926954367547765e+00
4.433708690579610590e+00
4.475093482739877615e+00
4.517112865003405808e+00
4.559799395011818746e+00
4.603186692281121317e+00
4.647309478914405823e+00
4.692203622751173420e+00
4.737906183070959898e+00
4.784455458975372721e+00
4.831891040579368912e+00
4.880253863149818017e+00
4.929586264337044277e+00
4.979932044653110346e+00
5.031336531359170472e+00
5.083846645933294717e+00
5.137510975299719895e+00
5.192379847010601068e+00
5.248505408581981335e+00
5.305941711196906496e+00
5.364744798000418591e+00
5.424972797223539089e+00
5.486686020386324358e+00
5.549947065843720218e+00
5.614820927952054674e+00
5.681375112148903561e+00
5.749679756254422180e+00
5.819807758318218838e+00
5.891834911352397341e+00
5.965840045308414830e+00
6.041905176672926814e+00
6.120115666075669481e+00
6.200560384320613849e+00
6.283331887270030336e+00
6.368526600029486673e+00
6.456245010900121706e+00
6.546591875582510767e+00
6.639676432133727602e+00
6.735612627195723512e+00
6.834519354028273597e+00
6.936520702893172796e+00
7.041746224347538607e+00
7.150331206012330298e+00
7.262416963387661184e+00
7.378151145281631074e+00
7.497688054425383442e+00
7.621188983823310004e+00
7.748822569366974555e+00
7.880765159221433613e+00
8.017201200441155251e+00
8.158323643216716547e+00
8.304334363084379333e+00
8.455444601332896326e+00
8.611875423725946277e+00
8.773858197517725444e+00
8.941635086537452537e+00
9.115459563968848045e+00
9.295596942078123703e+00
9.482324917942264619e+00
9.675934133784982905e+00
9.876728750102536480e+00
1.008502702923206940e+01
1.030116192638594619e+01
1.052548168444027965e+01
1.075835042790081353e+01
1.100014875045726548e+01
1.125127428935600626e+01
1.151214227844607052e+01
1.178318607015753727e+01
1.206485761482377761e+01
1.235762788362641196e+01
1.266198721898711099e+01
1.297844559341402437e+01
1.330753275459006701e+01
1.364979823082096644e+01
1.400581116679733995e+01
1.437615995492170740e+01
1.476145162216514528e+01
1.516231092651336354e+01
1.557937911050407997e+01
1.601331225214320497e+01
1.646477914561499745e+01
1.693445863570877563e+01
1.742303632086106902e+01
1.793120053028167149e+01
1.845963747101382069e+01
1.900902543126772670e+01
1.958002791740925730e+01
2.017328559411750177e+01
2.078940689129157349e+01
2.142895713816795222e+01
2.209244608616778294e+01
2.278031368872364837e+01
2.349291402066810264e+01
2.423049724397256810e+01
2.499318956335109831e+01
2.578097116748878648e+01
2.659365222269532936e+01
2.743084707903796726e+01
2.829194696780632512e+01
2.917609161641161819e+01
3.008214038453101224e+01
3.100864373395114626e+01
3.195381608230091075e+01
3.291551135260242944e+01
3.389120280695210852e+01
3.487796902904272400e+01
3.587248817591789418e+01
3.687104282704844138e+01
3.786953788501200791e+01
3.886353398825313121e+01
3.984829874179396825e+01
4.081887771745625315e+01
4.177018658997570810e+01
4.269712494305860417e+01
4.359471120626179896e+01
4.445823690559909380e+01
4.528343699857003202e+01
4.606667162378273161e+01
4.680511326278571005e+01
4.749693224217312348e+01
4.814147285323205239e+01
4.873941226824055661e+01
4.929289497525637387e+01
4.980563665920040961e+01
5.028299327047592726e+01
5.073199330910173188e+01
5.116133391271532105e+01
5.158134393070451296e+01
5.200391954571826858e+01
5.244243994542949139e+01
5.291167188319342785e+01
5.342767259958046111e+01
5.400770048637485132e+01
5.467014210388921924e+01
5.543446279702587276e+01
5.632118629295429457e+01
5.735190637925319379e+01
5.854933107527972425e+01
5.993735655155612818e+01
6.154116423076692399e+01
6.338732967386693673e+01
6.550392548070382759e+01
6.792059175577703911e+01
7.066853569092906184e+01
7.378040522874981377e+01
7.728995915266507666e+01
8.123142595621870043e+01
8.563840586095182061e+01
9.054212581720126707e+01
9.596881218477237496e+01
1.019359146419760549e+02
1.084469269856704159e+02
1.154846567418876901e+02
1.230030718496908975e+02
1.309183893342321880e+02
1.391009281650494245e+02
1.473703581047123237e+02
1.554979934205222207e+02
1.632199745833840439e+02
1.702635813583482047e+02
1.763849472742222702e+02
1.814109056788560110e+02
1.852732713380183895e+02
1.880239005427823429e+02
1.898246658129068294e+02
1.909154119083439127e+02
1.915700244258861460e+02
1.920524399246366727e+02
1.925811728682416515e+02
1.933059315263137705e+02
1.942962592463785256e+02
1.955410803807812101e+02
1.969588580822967856e+02
1.984190767512629634e+02
1.997751693292713355e+02
2.009059080282808338e+02
2.017575467075031099e+02
2.023755031953263028e+02
2.029153633659279024e+02
2.036292693316103453e+02
2.048321529615210750e+02
2.068577385423097326e+02
2.100138433655930328e+02
2.145414548055395016e+02
2.205762153396729559e+02
2.281082417484340965e+02
2.369394620164761420e+02
2.466483184528601384e+02
2.565878199686691801e+02
2.659541718002849962e+02
2.739489618348675890e+02
2.800037324890917034e+02
2.839680821358860499e+02
2.861505704597141175e+02
2.871817082693539760e+02
2.877754577064384875e+02
2.885036975632698386e+02
2.896571411682776329e+02
2.912120522854410183e+02
2.928992187246217895e+02
2.943645246659327768e+02
2.953834511713158122e+02
2.960458648793683096e+02
2.968142570968063296e+02
2.984185139801143123e+02
3.016407375420048425e+02
3.070798428272788101e+02
3.149502380319773351e+02
3.249275061770816251e+02
3.360725316177043283e+02
3.469371174782181129e+02
3.559686165954125272e+02
3.621426711508598828e+02
3.654432299610658674e+02
3.667922813641021094e+02
3.674706108738942589e+02
3.684584324775499340e+02
3.700614172523474394e+02
3.719348002139735740e+02
3.734713747665964547e+02
3.743879616086441615e+02
3.751576864726571898e+02
3.769527654348897840e+02
3.811215465167268235e+02
3.885306684167766207e+02
3.990464684202338503e+02
4.112923332613104890e+02
4.229112257543732198e+02
4.315755602658936141e+02
4.363370748448511449e+02
4.381366232395181441e+02
4.389034411220224570e+02
4.401289992331904273e+02
4.420654082582517503e+02
4.439568232597676456e+02
4.450994095244539608e+02
4.459505887867066463e+02
4.482471019446267064e+02
4.539512945527518468e+02
4.638795683940610388e+02
4.768145104217270500e+02
4.896188746997472663e+02
4.988738843484117638e+02
5.033396676769400528e+02
5.047105953256609610e+02
5.056717165295637528e+02
5.075332997521520610e+02
5.096606722542968555e+02
5.109550215047355550e+02
5.119446106948801685e+02
5.151226605278428679e+02
5.229740540314850250e+02
5.356079960462512872e+02
5.498189668220462636e+02
5.607757151106350193e+02
5.660117073463244424e+02
5.674579644001315728e+02
5.686222759363519117e+02
5.708203256226646545e+02
5.728116285189274777e+02
5.738155129597503219e+02
5.760681033397007695e+02
5.831960787429852644e+02
5.962028473845755343e+02
6.113040874381789536e+02
6.223052640318279600e+02
6.267072707664347035e+02
6.278300470258270707e+02
6.295793153070942481e+02
6.320132583359340970e+02
6.333748862772500843e+02
6.350996502434137483e+02
6.417508464117047424e+02
6.552975288542436374e+02
6.711928698397855442e+02
6.818036814459165953e+02
6.852015033550588896e+02
6.863484466738668743e+02
6.887268977473173663e+02
6.908258524985308213e+02
6.920464650749794373e+02
6.970919811002529514e+02
7.100382796228876714e+02
7.269218071722825698e+02
7.384061843926992879e+02
7.417866752075716477e+02
7.431104361818245252e+02
7.457771992220160655e+02
7.475373081811400198e+02
7.496177323478203789e+02
7.586306512078135711e+02
7.755580393268810440e+02
7.907978742853936183e+02
7.966084767672629141e+02
7.979440115171485104e+02
8.005965995642657163e+02
8.026060598027955848e+02
8.047964907284847413e+02
8.148621453790176474e+02
8.330838420632125008e+02
8.473039933826727292e+02
8.512900800965237522e+02
8.529545904700258916e+02
8.558843227070298099e+02
8.573669447436119526e+02
8.632688063438018844e+02
8.799748051107152378e+02
8.977354261577855823e+02
9.043437785630735561e+02
9.059089988849896145e+02
9.089752260773225316e+02
9.106132637650005108e+02
9.167013467901340391e+02
9.345500215241592059e+02
9.521572014112383613e+02
9.574003968655241579e+02
9.593350531479999290e+02
9.623582338151977638e+02
9.643441939395805775e+02
9.756564374829198414e+02
9.966582801394799844e+02
1.008458351410661066e+03
1.010451504617705950e+03
1.013683989835715579e+03
1.015556278326212123e+03
1.023608628860602380e+03
1.044671119866139861e+03
1.059518154372031177e+03
1.062053132821977670e+03
1.065325986719785078e+03
1.067332783195781531e+03
1.076331118155713966e+03
1.098661897525439144e+03
1.111836584683799856e+03
1.113983554995625127e+03
1.117507819739764273e+03
1.119909899508191074e+03
1.134876589724013684e+03
1.157443906123656689e+03
1.164147865041363275e+03
1.166962525824140585e+03
1.169609861234759137e+03
1.177523566978798726e+03
1.201326121639283201e+03
1.214463297151883353e+03
1.216829439197995271e+03
1.220264935208123006e+03
1.225516133848584332e+03
1.248547127653225289e+03
1.264905019370518858e+03
1.267466214105030303e+03
1.271119920451482812e+03
1.276616711377311049e+03
1.300890908488349851e+03
1.316163350717525418e+03
1.318859301494626834e+03
1.322239740318582108e+03
1.331258620416577060e+03
1.358024431818364974e+03
1.367688379433671571e+03
1.371242049080253082e+03
1.374138653158104717e+03
1.392619467995060404e+03
1.416103170476297009e+03
1.419703231941678496e+03
1.423746585749644055e+03
1.431989341638974111e+03
1.460455730312107789e+03
1.469622106264879449e+03
1.473796861811871622e+03
1.477990386505250626e+03
1.504353476533710364e+03
1.520214127163874991e+03
1.523964884125436583e+03
1.527501745212859532e+03
1.551556971907286425e+03
1.571148395268947297e+03
1.574888461783937601e+03
1.578570817775042769e+03
1.603298509981838151e+03
1.622695243633672590e+03
1.626756383210315562e+03
1.631001215680667201e+03
1.659737440999887212e+03
1.674676752830150235e+03
1.679401877009253894e+03
1.686498047214369308e+03
1.719459027197867044e+03
1.727283263647495687e+03
1.732148877017484210e+03
1.749345911788733019e+03
1.777568320279971431e+03
1.782072788498468299e+03
1.787059329807829499e+03
1.820097462799721825e+03
1.831585011401954489e+03
1.836874760112457352e+03
1.855836588265597584e+03
1.883425448330602876e+03
1.888528298408303499e+03
1.896701635322316406e+03
1.933325701073626306e+03
1.939575067058881132e+03
1.944983186608224742e+03
1.980752886212554813e+03
1.991667382795329559e+03
1.997260561349971795e+03
2.028910551785109647e+03
2.045094116399570567e+03
2.051095730970454042e+03
2.080298307264208233e+03
2.099437453150742840e+03
2.105704910401492270e+03
2.135918887922972317e+03
2.154543017394840263e+03
2.160991158962691316e+03
2.195929450916568385e+03
2.210701622798701919e+03
2.217402633101479296e+03
2.258983081200931338e+03
2.268726302336485332e+03
2.277461582010180791e+03
2.320894164133975210e+03
2.328343615471804696e+03
2.347466050874297252e+03
2.378870488351350559e+03
2.386568318528533837e+03
2.427297455078708481e+03
2.440162761593799132e+03
2.450950315952330584e+03
2.494950455475339822e+03
2.503409085901973413e+03
2.540764856074165436e+03
2.557133223597390952e+03
2.568873219494155364e+03
2.613405496798509375e+03
2.622714097460973335e+03
2.670560298397798761e+03
2.682670022745883671e+03
2.706713175887056877e+03
2.734993084304529475e+03
2.746504833009940285e+03
2.796058565891449234e+03
2.806966475887473734e+03
2.863500102994221379e+03
2.875678625799199381e+03
2.924525927069168574e+03
2.939770340855930044e+03
2.976322750697112497e+03
2.996613982938295976e+03
3.023654699737580813e+03
3.049199086463091135e+03
3.070897326024964968e+03
3.100129487165803766e+03
3.119511259754944149e+03
3.150017611667198707e+03
3.169030867458689954e+03
3.198185511114157634e+03
3.218431752990112273e+03
3.243890375809518446e+03
3.267392953212418433e+03
3.287896040914085916e+03
3.317713452788733321e+03
3.333966887519501142e+03
3.374093859623846129e+03
3.388766534096479973e+03
3.441883651202622787e+03
3.458043292444681811e+03
3.518585101137952734e+03
3.536590774814183078e+03
3.582783635870601302e+03
3.606706350573642794e+03
3.629120644266336512e+03
3.681029827797025519e+03
3.701829290081394447e+03
3.769178636074102087e+03
3.791098484149918932e+03
3.821342980080337384e+03
3.875778705857134810e+03
3.901672828701536218e+03
3.968068973980175997e+03
3.997343992056112256e+03
4.022919835095314284e+03
4.105062432030617856e+03
4.131802917654135854e+03
4.159763637576583278e+03
4.247460866983679807e+03
4.276323613207387098e+03
4.306147351906258336e+03
4.400004157382142694e+03
4.432231142376725074e+03
4.472691572719611941e+03
4.542829823692735772e+03
4.618965312729515972e+03
4.661869301733009706e+03
4.698085561040254106e+03
4.794063915319222360e+03
4.872558550987245326e+03
4.916459272610910375e+03
4.970912426601414154e+03
5.025101145574780276e+03
5.159716019669322122e+03
5.230911541947315527e+03
5.274530962407287916e+03
5.357239404727319197e+03
5.406537299594674550e+03
5.459801292816870045e+03
5.588168512118874787e+03
5.761041796452986091e+03
5.903301091187352540e+03
5.991445154619525965e+03
6.043471644069281865e+03
6.079578479326695742e+03
6.111612858399546894e+03
6.144866682598954867e+03
6.180972652654500962e+03
6.219744923522472163e+03
6.260113645623231605e+03
6.300552171685478243e+03
6.339294713435651829e+03
6.374565489183310092e+03
6.404952671292338891e+03
6.429894356854821126e+03
6.450049704215327438e+03
6.467291218969126021e+03
6.484306509987081881e+03
6.504110896327153569e+03
6.529771521272791688e+03
6.564321518651502629e+03
6.610376359150360258e+03
6.668353788015579994e+03
6.732256561136166056e+03
6.786865772831951290e+03
6.818546901782166969e+03
6.833372868512838977e+03
6.850314261698356859e+03
6.879576151605210725e+03
6.913224850916876676e+03
6.935135501809231755e+03
6.948170005022545411e+03
6.974129607942922121e+03
7.022125260123718363e+03
7.070197633004499949e+03
7.092092003004700018e+03
7.104892482527475295e+03
7.130650358318150211e+03
7.153716066623488587e+03
7.165395097722222090e+03
7.193400123810841251e+03
7.238659200044276986e+03
7.263393456708036865e+03
7.274747024185125156e+03
7.297938959989195610e+03
7.312928652916295505e+03
7.328712321110944686e+03
7.367406677458058766e+03
7.393237040202772732e+03
7.403525733453659996e+03
7.424029570520394373e+03
7.434865906045962220e+03
7.457098920799947336e+03
7.491545273076978447e+03
7.502863956416837027e+03
7.518802327937333757e+03
7.531157574304402260e+03
7.547666368296041583e+03
7.579720583520055698e+03
7.590494233225115750e+03
7.605224283766003282e+03
7.615138934249244812e+03
7.634743741410946313e+03
7.660717692179820915e+03
7.668694838552441979e+03
7.682981065327881879e+03
7.691480634016726981e+03
7.718013755638435214e+03
7.730488280742049938e+03
7.741860118516809962e+03
7.750073241503733698e+03
7.769414511837068858e+03
7.787386543504077963e+03
7.795616852209192075e+03
7.804895408154838151e+03
7.819340108086908913e+03
7.838824151608179818e+03
7.845789478357139160e+03
7.854877343031003875e+03
7.867683416731912985e+03
7.885935406331109334e+03
7.892546180296407329e+03
7.900517819953708567e+03
7.914088083440768969e+03
7.929188758582416995e+03
7.936141889269673811e+03
7.942491392151256150e+03
7.958429011304026062e+03
7.968729061484553313e+03
7.976568409107134357e+03
7.982096463128465984e+03
7.999693187975379260e+03
8.005574936541819625e+03
8.013167898216435788e+03
8.021376193486375087e+03
8.035860833561343497e+03
8.041139685975480461e+03
8.046373327061582131e+03
8.060196118371826742e+03
8.067352570579765597e+03
8.074005775189711130e+03
8.080049184891632649e+03
8.093717991378233819e+03
8.098209480574178087e+03
8.102870087483876887e+03
8.115294747327629921e+03
8.121199535115410981e+03
8.126970983203344076e+03
8.133481437423026364e+03
8.144262355222207589e+03
8.148753862177706651e+03
8.152603674844422130e+03
8.164840454519435298e+03
8.168634644380798818e+03
8.173043338192365809e+03
8.182229801117974603e+03
8.188156688618252701e+03
8.192872481451548083e+03
8.198244755208286733e+03
8.207146118409686096e+03
8.211012496549143179e+03
8.214420330224913414e+03
8.224613582421025058e+03
8.227707103487982749e+03
8.230894718598494364e+03
8.240224652872400839e+03
8.243566911633231939e+03
8.247089194352853156e+03
8.254396355811904868e+03
8.258866784047784677e+03
8.262481761792610996e+03
8.267719558188302472e+03
8.273525023159516422e+03
8.276860309568593948e+03
8.280567293381345735e+03
8.287364931765680012e+03
8.290248982149067160e+03
8.293047666175645645e+03
8.300292113126713957e+03
8.302765083850306837e+03
8.305116441581960316e+03
8.312321711478109137e+03
8.314523649673941691e+03
8.316687544852802603e+03
8.323532733012372773e+03
8.325603592161740380e+03
8.327690783836398623e+03
8.334018713193026997e+03
8.336050125255847888e+03
8.338087555691758098e+03
8.343859802997847510e+03
8.345888323530078196e+03
8.347866613286299980e+03
8.353114427246549894e+03
8.355134878509166811e+03
8.357034601841260155e+03
8.361821451845296906e+03
8.363804783799552752e+03
8.365607782897346624e+03
8.370005665226419296e+03
8.371913963745342699e+03
8.373606559673855372e+03
8.377682922243579014e+03
8.379479674026375505e+03
8.381052466219638518e+03
8.384863805065369888e+03
8.386520003771292977e+03
8.387966810476029423e+03
8.391555874210343973e+03
8.393053154661869485e+03
8.394370246926611799e+03
8.397764976190455855e+03
8.399096738252475916e+03
8.400282758336174084e+03
8.403496078587188094e+03
8.404667136553331147e+03
8.405723697305205860e+03
8.408753969272960603e+03
8.409778932295510458e+03
8.410711659267735740e+03
8.413543992592762152e+03
8.414444453771422559e+03
8.415264056735813938e+03
8.417872840650456055e+03
8.418673534182396907e+03
8.419396369682461227e+03
8.421749290315212420e+03
8.422473612842468356e+03
8.423121170166143202e+03
8.425184694144154491e+03
8.425850275429964313e+03
8.426447145583711972e+03
8.428193015762479263e+03
8.428808232068051439e+03
8.429378436111879637e+03
8.430790259818390041e+03
8.431352582227453240e+03
8.431914611257943761e+03
8.432993277853262043e+03
8.433490061832144420e+03
8.434051506086145309e+03
8.434818105050557278e+03
8.435229878459129395e+03
8.435782925791951129e+03
8.436278149667941761e+03
8.436583777196125084e+03
8.437102962457145622e+03
8.437382660579365620e+03
8.437565164391551662e+03
8.438008440135108685e+03
8.438135892735470406e+03
8.438187407037277808e+03
8.438500904354652448e+03
8.438537257383031829e+03
8.438461721718476838e+03
8.438587649036311632e+03
8.438582505496633530e+03
8.438395250944262443e+03
8.438281510972050455e+03
8.438265712019088824e+03
8.437989915610280150e+03
8.437599482731160606e+03
8.437581594033685178e+03
8.437242425975391598e+03
8.436560495528314277e+03
8.436527592261669270e+03
8.436145503218018348e+03
8.435182915271392631e+03
8.435105216957188532e+03
8.434690026965681682e+03
8.433482333191663201e+03
8.433320388147922131e+03
8.432867594043509598e+03
8.431470124467301503e+03
8.431182807873201455e+03
8.430672915932615069e+03
8.429153040539922586e+03
8.428704680624518005e+03
8.428105596161476569e+03
8.426533857432830700e+03
8.425899255278418423e+03
8.425171055182881901e+03
8.423612885536505928e+03
8.422779658135506907e+03
8.421880623162151096e+03
8.420390003263259132e+03
8.419358346388962673e+03
8.418251023290638841e+03
8.416866831488439857e+03
8.415647302567173028e+03
8.414303575275735056e+03
8.413048713775493525e+03
8.411658890351596710e+03
8.410063453630637014e+03
8.408946279375126323e+03
8.407407156361916350e+03
8.405559259099225528e+03
8.404576497179763464e+03
8.402909311811179577e+03
8.400823037401381953e+03
8.399963235513030668e+03
8.398187151846856068e+03
8.395890740190316137e+03
8.395137397120355672e+03
8.393268240259905724e+03
8.390802992387963968e+03
8.390136697171707056e+03
8.388186770352214808e+03
8.385605920064535894e+03
8.385005113702387462e+03
8.382984081424820033e+03
8.380351707940042616e+03
8.379791999267155916e+03
8.377708844196042264e+03
8.375098501140699227e+03
8.374550837548480558e+03
8.372416912310160114e+03
8.369909262204200786e+03
8.369337684690810420e+03
8.367170761231576762e+03
8.364849284752610401e+03
8.364209446137316263e+03
8.362038306715370709e+03
8.359982306725587478e+03
8.359222251946444885e+03
8.357090758836164241e+03
8.355365587721989868e+03
8.354430210359651028e+03
8.352399130293124472e+03
8.351044848477084088e+03
8.349884649800967964e+03
8.348029224084397356e+03
8.347050398834553562e+03
8.345633608001657194e+03
8.344035461737219521e+03
8.343395788509822523e+03
8.341720964814368926e+03
8.340454663796092063e+03
8.340079685126416734e+03
8.338184534050498769e+03
8.337301484779087332e+03
8.337090539207150869e+03
8.335052840236994598e+03
8.334567169987703892e+03
8.334412455438949110e+03
8.332341110139175726e+03
8.332222437819507832e+03
8.332030193856635378e+03
8.330047770201266758e+03
8.330223906196051757e+03
8.329931688287346333e+03
8.328152953318731306e+03
8.328522259884666710e+03
8.328107640089423512e+03
8.326619977940736135e+03
8.327069904634277918e+03
8.326548981118312440e+03
8.325399728298403716e+03
8.325826316072054396e+03
8.325243702737458079e+03
8.324436872420576037e+03
8.324760321897269023e+03
8.324174498664626299e+03
8.323676359496445002e+03
8.323849617348894753e+03
8.323318061505682635e+03
8.323068769859753957e+03
8.323078499242372345e+03
8.322646102071890709e+03
8.322573662034026711e+03
8.322434983706152707e+03
8.322127574463998826e+03
8.322160750220231421e+03
8.321908252376048040e+03
8.321731346312064488e+03
8.321809286932431860e+03
8.321486960334874311e+03
8.321428622112367520e+03
8.321506300719978753e+03
8.321158530220758621e+03
8.321194675294153058e+03
8.321244363669182349e+03
8.320909267017379534e+03
8.321009729377023177e+03
8.321019424878921200e+03
8.320724989869029741e+03
8.320859054895849113e+03
8.320829042590265090e+03
8.320591865946949838e+03
8.320732479685282669e+03
8.320671153057217452e+03
8.320497197682954720e+03
8.320623551828026393e+03
8.320543368152913899e+03
8.320430010428408423e+03
8.320528573967785633e+03
8.320442706718191403e+03
8.320381378626216247e+03
8.320445674731552572e+03
8.320365629373689444e+03
8.320344497195805161e+03
8.320374021405990788e+03
8.320308247834691429e+03
8.320314546391949989e+03
8.320313222576472981e+03
8.320266601983967121e+03
8.320288416154209699e+03
8.320262927129797390e+03
8.320236928421352786e+03
8.320264356483454321e+03
8.320222598340862532e+03
8.320215874439654726e+03
8.320241610539975227e+03
8.320191427081694201e+03
8.320200636713840140e+03
8.320220072609448835e+03
8.320168343523599106e+03
8.320189022632077467e+03
8.320199997795110903e+03
8.320152088835488030e+03
8.320179444164345114e+03
8.320181776658113449e+03
8.320141314473459715e+03
8.320170860447153245e+03
8.320165777208358122e+03
8.320134684489599749e+03
8.320162687222602472e+03
8.320152248969610810e+03
8.320130964298085019e+03
8.320154690274288441e+03
8.320141279114790450e+03
8.320129086540060598e+03
8.320146877239201785e+03
8.320132788427945343e+03
8.320128190562154487e+03
8.320139398579820408e+03
8.320126554529622808e+03
8.320127636380437252e+03
8.320132464754638931e+03
8.320122250830349003e+03
8.320126996882174353e+03
8.320126283182069528e+03
8.320119491537085196e+03
8.320126033598387949e+03
8.320121015719501884e+03
8.320117875300653395e+03
8.320124661907395421e+03
8.320116755200568150e+03
8.320117022424949027e+03
8.320122911270798795e+03
8.320113518108002609e+03
8.320116602722842799e+03
8.320120885316957356e+03
8.320111249653684354e+03
8.320116352945566177e+03
8.320118725501128210e+03
8.320109837292569864e+03
8.320116084151075484e+03
8.320116580875323052e+03
8.320109128891084765e+03
8.320115680389393674e+03
8.320114585340415942e+03
8.320108952274193143e+03
8.320115090689261706e+03
8.320112842730584816e+03
8.320109133565370939e+03
8.320114316580742525e+03
8.320111419259743343e+03
8.320109512501438076e+03
8.320113397350396554e+03
8.320110342270001638e+03
8.320109953660643441e+03
8.320112394975030838e+03
8.320109603865224926e+03
8.320110353220898105e+03
8.320111380292190006e+03
8.320109167868535224e+03
8.320110641421537366e+03
8.320110421509834850e+03
8.320108978577014568e+03
8.320110781313207553e+03
8.320109575692911676e+03
8.320108969957509544e+03
8.320110764641231071e+03
8.320108883436896576e+03
8.320109074189034800e+03
8.320110605827485415e+03
8.320108366580498114e+03
8.320109228766268643e+03
8.320110335013996519e+03
8.320108028540471423e+03
8.320109381696365745e+03
8.320109991034658378e+03
8.320107856677979726e+03
8.320109494616632219e+03
8.320109615018804107e+03
8.320107826024912356e+03
8.320109543910537468e+03
8.320109245130995987e+03
8.320107903698964947e+03
8.320109520090103615e+03
8.320108912741798122e+03
8.320108053401858342e+03
8.320109425837967137e+03
8.320108640126467435e+03
8.320108239506827886e+03
8.320109273163683611e+03
8.320108439619280034e+03
8.320108430379781566e+03
8.320109080132751842e+03
8.320108314020959369e+03
8.320108600725023280e+03
8.320108867584442123e+03
8.320108257970910927e+03
8.320108732885692007e+03
8.320108656178525052e+03
8.320108259954226014e+03
8.320108817148977323e+03
8.320108464015334903e+03
8.320108304611907442e+03
8.320108851198856428e+03
8.320108304970999598e+03
8.320108375053956479e+03
8.320108838920543349e+03
8.320108187791529417e+03
8.320108454930254084e+03
8.320108788790897961e+03
8.320108115904517035e+03
8.320108530083627556e+03
8.320108712090206609e+03
8.320108087841324959e+03
8.320108589683999526e+03
8.320108621148239763e+03
8.320108098119037095e+03
8.320108626813940646e+03
8.320108527797490751e+03
8.320108138410516403e+03
8.320108638537756633e+03
8.320108442156060846e+03
8.320108198830726906e+03
8.320108625534165185e+03
8.320108371808461015e+03
8.320108269184656820e+03
8.320108591404174149e+03
8.320108321400677596e+03
8.320108340052025596e+03
8.320108541780766245e+03
8.320108292620894645e+03
8.320108403621461548e+03
8.320108483366573637e+03
8.320108284502632159e+03
8.320108454226921822e+03
8.320108423012554340e+03
8.320108293964463883e+03
8.320108488577609023e+03
8.320108366928212490e+03
8.320108316490253856e+03
8.320108505705613425e+03
8.320108320085699233e+03
8.320108346854927731e+03
8.320108506680906430e+03
8.320108285850170432e+03
8.320108379811455961e+03
8.320108494159525435e+03
8.320108265840159220e+03
8.320108410672162790e+03
8.320108471837833349e+03
8.320108259997248751e+03
8.320108435739106426e+03
8.320108443884168082e+03
8.320108266825687679e+03
8.320108452561051308e+03
8.320108414410617115e+03
8.320108283750918417e+03
8.320108460016230310e+03
8.320108387033955296e+03
8.320108307541288013e+03
8.320108458238431922e+03
8.320108364558107496e+03
8.320108334738963094e+03
8.320108448417795444e+03
8.320108348793000914e+03
8.320108362053129895e+03
8.320108432516137327e+03
8.320108340508306355e+03
8.320108386679405157e+03
8.320108412939756818e+03
8.320108339506641641e+03
8.320108406522344012e+03
8.320108392210842794e+03
8.320108344790709452e+03
8.320108420311480586e+03
8.320108372672830228e+03
8.320108354792633691e+03
8.320108427613775348e+03
8.320108356256345360e+03
8.320108367631952206e+03
8.320108428755889690e+03
8.320108344322252378e+03
8.320108381370431744e+03
8.320108424677180665e+03
8.320108337587809729e+03
8.320108394236865934e+03
8.320108416738696178e+03
8.320108336132334443e+03
8.320108404801918368e+03
8.320108406514536910e+03
8.320108339470900319e+03
8.320108412091194623e+03
8.320108395590126747e+03
8.320108346678902308e+03
8.320108415632932520e+03
8.320108385387844464e+03
8.320108356547376388e+03
8.320108415444110506e+03
8.320108377034766818e+03
8.320108367748329329e+03
8.320108411964851257e+03
8.320108371280832216e+03
8.320108378991137215e+03
8.320108405955121270e+03
8.320108368469258494e+03
8.320108389154480392e+03
8.320108398369913630e+03
8.320108368555282141e+03
8.320108397382959083e+03
8.320108390229195720e+03
8.320108371164687924e+03
8.320108403142716270e+03
8.320108382497402999e+03
8.320108375680494646e+03
8.320108406235453003e+03
8.320108375984218583e+03
8.320108381344709414e+03
8.320108406774732430e+03
8.320108371274638557e+03
8.320108387362153735e+03
8.320108405131984910e+03
8.320108368692175645e+03
8.320108392994859969e+03
8.320108401861876700e+03
8.320108368294990214e+03
8.320108397638017777e+03
8.320108397617672381e+03
8.320108369901248807e+03
8.320108400871560661e+03
8.320108393066959252e+03
8.320108373137363742e+03
8.320108402484891485e+03
8.320108388816695879e+03
8.320108377501084760e+03
8.320108402475405455e+03
8.320108385354522397e+03
8.320108382430838901e+03
8.320108401024230261e+03
8.320108383010549005e+03
8.320108387373084042e+03
8.320108398454623966e+03
8.320108381941226980e+03
8.320108391840658442e+03
8.320108395179664512e+03
8.320108382134272688e+03
8.320108395456958533e+03
8.320108391646239397e+03
8.320108383431517723e+03
8.320108397982865426e+03
8.320108388281860243e+03
8.320108385564992204e+03
8.320108399325607024e+03
8.320108385449770140e+03
8.320108388200698755e+03
8.320108399530750830e+03
8.320108383416256402e+03
8.320108390984396465e+03
8.320108398760216005e+03
8.320108382332295150e+03
8.320108393584114310e+03
8.320108397260315542e+03
8.320108382229880590e+03
8.320108395725175797e+03
8.320108395324483354e+03
8.320108383031723861e+03
8.320108397214751676e+03
8.320108393255335614e+03
8.320108384571767601e+03
8.320108397954492830e+03
8.320108391330264567e+03
8.320108386623031038e+03
8.320108397941219664e+03
8.320108389773868112e+03
8.320108388928954810e+03
8.320108397256968601e+03
8.320108388739448856e+03
8.320108391234438386e+03
8.320108396050693045e+03
8.320108388300510342e+03
8.320108393313235865e+03
8.320108394514565589e+03
8.320108388452053987e+03
8.320108394989154476e+03
8.320108392858077423e+03
8.320108389120401625e+03
8.320108396149438704e+03
8.320108391283025412e+03
8.320108390179499111e+03
8.320108396749768872e+03
8.320108389962035289e+03
8.320108391471187133e+03
8.320108396811241619e+03
8.320108389022580013e+03
8.320108392826754425e+03
8.320108396410581918e+03
8.320108388537655628e+03
8.320108394087283159e+03
8.320108395665360149e+03
8.320108388523420217e+03
8.320108395120661953e+03
8.320108394716413386e+03
8.320108388943315731e+03
8.320108395833754912e+03
8.320108393709657321e+03
8.320108389717504906e+03
8.320108396178922703e+03
8.320108392779377027e+03
8.320108390736082583e+03
8.320108396154775619e+03
8.320108392034637291e+03
8.320108391874153313e+03
8.320108395801684310e+03
8.320108391549980297e+03
8.320108393006999904e+03
8.320108395193103206e+03
8.320108391360952737e+03
8.320108394023611254e+03
8.320108394424101789e+03
8.320108391464445958e+03
8.320108394837316155e+03
8.320108393598649855e+03
8.320108391823299826e+03
8.320108395392639068e+03
8.320108392817210188e+03
8.320108392374200776e+03
8.320108395668019512e+03
8.320108392165942860e+03
8.320108393037666247e+03
8.320108395674536951e+03
8.320108391708579802e+03
8.320108393728783994e+03
8.320108395451194156e+03
8.320108391481577200e+03
8.320108394367458459e+03
8.320108395057626694e+03
8.320108391492743976e+03
8.320108394887041868e+03
8.320108394565297203e+03
8.320108391723169916e+03
8.320108395240615209e+03
8.320108394048327682e+03
8.320108392131905930e+03
8.320108395404407929e+03
8.320108393574961156e+03
8.320108392662583356e+03
8.320108395378283603e+03
8.320108393200584032e+03
8.320108393251102825e+03
8.320108395183553512e+03
8.320108392962887592e+03
8.320108393833399532e+03
8.320108394858578322e+03
8.320108392879486928e+03
8.320108394352437244e+03
8.320108394452901848e+03
8.320108392948031906e+03
8.320108394763754404e+03
8.320108394020682681e+03
8.320108393148520918e+03
8.320108395039067545e+03
8.320108393614247689e+03
8.320108393447375420e+03
8.320108395167751951e+03
8.320108393278442236e+03
8.320108393802614955e+03
8.320108395156226834e+03
8.320108393046342826e+03
8.320108394169477833e+03
8.320108395025516074e+03
8.320108392936666860e+03
8.320108394505799879e+03
8.320108394807457444e+03
8.320108392953034127e+03
8.320108394776591012e+03
8.320108394540067820e+03
8.320108393084932686e+03
8.320108394957360360e+03
8.320108394262690126e+03
8.320108393310187239e+03
8.320108395035958893e+03
8.320108394011473138e+03
8.320108393598464318e+03
8.320108395012852270e+03
8.320108393815633463e+03
8.320108393915361376e+03
8.320108394899960331e+03
8.320108393694870756e+03
8.320108394226564997e+03
8.320108394718312411e+03
8.320108393658079876e+03
8.320108394501603470e+03
8.320108394494893219e+03
8.320108393703412730e+03
8.320108394716842668e+03
8.320108394259108536e+03
8.320108393819522462e+03
8.320108394857430540e+03
8.320108394039287305e+03
8.320108393987766249e+03
8.320108394918101112e+03
8.320108393859623902e+03
8.320108394185024736e+03
8.320108394902836153e+03
8.320108393737840743e+03
8.320108394386748841e+03
8.320108394823542767e+03
8.320108393683780378e+03
8.320108394569913798e+03
8.320108394697967015e+03
8.320108393698999862e+03
8.320108394715505710e+03
8.320108394547160060e+03
8.320108393777318270e+03
8.320108394810358732e+03
8.320108394392811533e+03
8.320108393906170022e+03
8.320108394848146418e+03
8.320108394254752056e+03
8.320108394068549387e+03
8.320108394829534518e+03
8.320108394148908701e+03
8.320108394245280579e+03
8.320108394761515228e+03
8.320108394085866166e+03
8.320108394417313320e+03
8.320108394656102973e+03
8.320108394070179202e+03
8.320108394567821961e+03
8.320108394528562712e+03
8.320108394100401711e+03
8.320108394683849838e+03
8.320108394395430878e+03
8.320108394169812527e+03
8.320108394757404312e+03
8.320108394272567239e+03
8.320108394267655967e+03
8.320108394785886048e+03
8.320108394173434135e+03
8.320108394380731625e+03
8.320108394771885287e+03
8.320108394107786808e+03
8.320108394495118773e+03
8.320108394722425146e+03
8.320108394080903963e+03
8.320108394597835286e+03
8.320108394647768364e+03
8.320108394093358584e+03
8.320108394678249169e+03
8.320108394559982116e+03
8.320108394141348981e+03
8.320108394729099018e+03
8.320108394471415522e+03
8.320108394217477326e+03
8.320108394747050625e+03
8.320108394393286289e+03
8.320108394311873781e+03
8.320108394732766101e+03
8.320108394334520199e+03
8.320108394413493443e+03
8.320108394690514615e+03
8.320108394300939835e+03
8.320108394511429651e+03
8.320108394627399321e+03
8.320108394294884420e+03
8.320108394596114522e+03
8.320108394552340542e+03
8.320108394315248006e+03
8.320108394660268459e+03
8.320108394474935267e+03
8.320108394357908765e+03
8.320108394699500423e+03
8.320108394404318460e+03
8.320108394416451119e+03
8.320108394712548034e+03
8.320108394348178990e+03
8.320108394483102529e+03
8.320108394701152065e+03
8.320108394312019300e+03
8.320108394549733930e+03
8.320108394669594418e+03
8.320108394298706116e+03
8.320108394608825620e+03
8.320108394624006905e+03
8.320108394308364950e+03
8.320108394654280346e+03
8.320108394571512690e+03
8.320108394338571088e+03
8.320108394682005382e+03
8.320108394519344074e+03
8.320108394384829808e+03
8.320108394690236310e+03
8.320108394474014858e+03
8.320108394441236669e+03
8.320108394679553385e+03
8.320108394440647317e+03
8.320108394501245130e+03
8.320108394652643256e+03
8.320108394422506535e+03
8.320108394558443251e+03
8.320108394613836936e+03
8.320108394420791228e+03
8.320108394607257651e+03
8.320108394568496806e+03
8.320108394434664660e+03
8.320108394643501015e+03
8.320108394522339950e+03
8.320108394461522039e+03
8.320108394664723164e+03
8.320108394480763309e+03
8.320108394497430709e+03
8.320108394670340203e+03
8.320108394448265244e+03
8.320108394537690401e+03
8.320108394661547209e+03
8.320108394428007159e+03
8.320108394577431682e+03
8.320108394641030827e+03
8.320108394421562480e+03
8.320108394612194388e+03
8.320108394612552729e+03
8.320108394428860265e+03
8.320108394638398750e+03
8.320108394580425738e+03
8.320108394448312538e+03
8.320108394653703726e+03
8.320108394548993601e+03
8.320108394477116235e+03
8.320108394657177996e+03
8.320108394522127128e+03
8.320108394511644292e+03
8.320108394649296315e+03
8.320108394502825831e+03
8.320108394547918579e+03
8.320108394631797637e+03
8.320108394492952357e+03
8.320108394582084657e+03
8.320108394607390437e+03
8.320108394493106971e+03
8.320108394610819232e+03
8.320108394579378000e+03
8.320108394502662122e+03
8.320108394631672127e+03
8.320108394551247329e+03
8.320108394519931608e+03
8.320108394643255451e+03
8.320108394526254415e+03
8.320108394542443421e+03
8.320108394645327280e+03
8.320108394507085904e+03
8.320108394567288997e+03
8.320108394638720711e+03
8.320108394495589891e+03
8.320108394591487013e+03
8.320108394625161964e+03
8.320108394492632215e+03
8.320108394612334450e+03
8.320108394607015725e+03
8.320108394498074631e+03
8.320108394627697635e+03
8.320108394586955910e+03
8.320108394510854851e+03
8.320108394636214143e+03
8.320108394567643700e+03
8.320108394529177531e+03
8.320108394637392848e+03
8.320108394551425590e+03
8.320108394550765297e+03
8.320108394631619376e+03
8.320108394540093286e+03
8.320108394573151600e+03
8.320108394620037870e+03
8.320108394534716354e+03
8.320108394593966295e+03
8.320108394604381829e+03
8.320108394535585830e+03
8.320108394611193944e+03
8.320108394586732175e+03
8.320108394542234237e+03
8.320108394623373897e+03
8.320108394569257143e+03
8.320108394553544713e+03
8.320108394629716713e+03
8.320108394553961261e+03
8.320108394567934738e+03
8.320108394630147814e+03
8.320108394542476162e+03
8.320108394583563495e+03
8.320108394625251094e+03
8.320108394535896878e+03
8.320108394598570158e+03
8.320108394616165242e+03
8.320108394534703621e+03
8.320108394611290350e+03
8.320108394604403657e+03
8.320108394538738139e+03
8.320108394620423496e+03
8.320108394591654360e+03
8.320108394547278294e+03
8.320108394625171059e+03
8.320108394579583546e+03
8.320108394559154476e+03
8.320108394625285655e+03
8.320108394569639131e+03
8.320108394572907855e+03
8.320108394621065599e+03
8.320108394562903413e+03
8.320108394586975919e+03
8.320108394613282144e+03
8.320108394560000306e+03
8.320108394599878011e+03
8.320108394603064880e+03
8.320108394561055320e+03
8.320108394610369942e+03
8.320108394591747128e+03
8.320108394565722847e+03
8.320108394617569502e+03
8.320108394580705863e+03
8.320108394573251644e+03
8.320108394621027401e+03
8.320108394571194367e+03
8.320108394582604888e+03
8.320108394620743638e+03
8.320108394564220362e+03
8.320108394592602053e+03
8.320108394617140220e+03
8.320108394560442321e+03
8.320108394602062617e+03
8.320108394610975665e+03
8.320108394560116722e+03
8.320108394609937022e+03
8.320108394603234046e+03
8.320108394563099864e+03
8.320108394615428551e+03
8.320108394595004938e+03
8.320108394568893345e+03
8.320108394618062448e+03
8.320108394587345174e+03
8.320108394576718638e+03
8.320108394617722297e+03
8.320108394581162429e+03
8.320108394585626229e+03
8.320108394614637291e+03
8.320108394577122453e+03
8.320108394594612037e+03
8.320108394609334937e+03
8.320108394575587226e+03
8.320108394602732005e+03
8.320108394602562839e+03
8.320108394576602223e+03
8.320108394609209427e+03
8.320108394595194113e+03
8.320108394579905507e+03
8.320108394613504061e+03
8.320108394588112787e+03
8.320108394584989583e+03
8.320108394615363068e+03
8.320108394582119217e+03
8.320108394591165052e+03
8.320108394614819190e+03
8.320108394577839135e+03
8.320108394597657025e+03
8.320108394612172560e+03
8.320108394575670900e+03
8.320108394603705165e+03
8.320108394607941591e+03
8.320108394575752754e+03
8.320108394608643721e+03
8.320108394602777480e+03
8.320108394577959189e+03
8.320108394611974290e+03
8.320108394597393271e+03
8.320108394581942775e+03
8.320108394613416749e+03
8.320108394592469267e+03
8.320108394587176008e+03
8.320108394612920165e+03
8.320108394588582087e+03
8.320108394593033154e+03
8.320108394610662799e+03
8.320108394586144641e+03
8.320108394598855739e+03
8.320108394607008449e+03
8.320108394585367932e+03
8.320108394604036221e+03
8.320108394602459157e+03
8.320108394586255599e+03
8.320108394608083472e+03
8.320108394597596998e+03
8.320108394588616648e+03
8.320108394610664618e+03
8.320108394592996774e+03
8.320108394592092736e+03
8.320108394611632320e+03
8.320108394589173258e+03
8.320108394596225480e+03
8.320108394611037511e+03
8.320108394586524810e+03
8.320108394600498286e+03
8.320108394609094830e+03
8.320108394585289716e+03
8.320108394604412752e+03
8.320108394606158981e+03
8.320108394585540736e+03
8.320108394607545051e+03
8.320108394602673798e+03
8.320108394587176008e+03
8.320108394609576862e+03
8.320108394599104940e+03
8.320108394589944510e+03
8.320108394610342657e+03
8.320108394595901700e+03
8.320108394593491539e+03
8.320108394609829702e+03
8.320108394593433331e+03
8.320108394597393271e+03
8.320108394608172603e+03
8.320108394591958131e+03
8.320108394601214968e+03
8.320108394605626017e+03
8.320108394591599790e+03
8.320108394604560090e+03
8.320108394602533735e+03
8.320108394592340119e+03
8.320108394607112132e+03
8.320108394599285020e+03
8.320108394594037236e+03
8.320108394608667368e+03
8.320108394596261860e+03
8.320108394596443759e+03
8.320108394609143943e+03
8.320108394593797129e+03
8.320108394599241365e+03
8.320108394608587332e+03
8.320108394592145487e+03
8.320108394602086264e+03
8.320108394607157607e+03
8.320108394591454271e+03
8.320108394604649220e+03
8.320108394605103967e+03
8.320108394591758042e+03
8.320108394606653746e+03
8.320108394602724729e+03
8.320108394592971308e+03
8.320108394607897935e+03
8.320108394600336396e+03
8.320108394594919446e+03
8.320108394608283561e+03
8.320108394598230007e+03
8.320108394597349616e+03
8.320108394607814262e+03
8.320108394596651124e+03
8.320108394599981693e+03
8.320108394606593720e+03
8.320108394595759819e+03
8.320108394602519184e+03
8.320108394604803834e+03
8.320108394595627033e+03
8.320108394604701971e+03
8.320108394602679255e+03
8.320108394596227299e+03
8.320108394606324509e+03
8.320108394600483734e+03
8.320108394597456936e+03
8.320108394607261289e+03
8.320108394598475570e+03
8.320108394599139501e+03
8.320108394607468654e+03
8.320108394596874859e+03
8.320108394601056716e+03
8.320108394606988441e+03
8.320108394595843492e+03
8.320108394602972112e+03
8.320108394605935246e+03
8.320108394595470600e+03
8.320108394604669229e+03
8.320108394604487330e+03
8.320108394595770733e+03
8.320108394605962530e+03
8.320108394602848421e+03
8.320108394596674771e+03
8.320108394606724687e+03
8.320108394601233158e+03
8.320108394598057203e+03
8.320108394606899310e+03
8.320108394599837993e+03
8.320108394599743406e+03
8.320108394606495494e+03
8.320108394598821178e+03
8.320108394601535110e+03
8.320108394605591457e+03
8.320108394598282757e+03
8.320108394603235865e+03
8.320108394604319983e+03
8.320108394598268205e+03
8.320108394604674686e+03
8.320108394602846602e+03
8.320108394598748419e+03
8.320108394605713329e+03
8.320108394601349573e+03
8.320108394599645180e+03
8.320108394606273578e+03
8.320108394600001702e+03
8.320108394600829342e+03
8.320108394606333604e+03
8.320108394598952145e+03
8.320108394602155386e+03
8.320108394605933427e+03
8.320108394598306404e+03
8.320108394603457782e+03
8.320108394605154899e+03
8.320108394598117229e+03
8.320108394604589193e+03
8.320108394604125351e+03
8.320108394598386440e+03
8.320108394605427748e+03
8.320108394602984845e+03
8.320108394599061285e+03
8.320108394605891590e+03
8.320108394601882537e+03
8.320108394600050815e+03
8.320108394605949798e+03
8.320108394600951215e+03
8.320108394601231339e+03
8.320108394605615104e+03
8.320108394600294559e+03
8.320108394602466433e+03
8.320108394604945715e+03
8.320108394599976236e+03
8.320108394603617853e+03
8.320108394604036221e+03
8.320108394600018073e+03
8.320108394604572823e+03
8.320108394603004854e+03
8.320108394600398242e+03
8.320108394605240392e+03
8.320108394601975306e+03
8.320108394601056716e+03
8.320108394605573267e+03
8.320108394601065811e+03
8.320108394601900727e+03
8.320108394605560534e+03
8.320108394600372776e+03
8.320108394602822955e+03
8.320108394605233116e+03
8.320108394599968960e+03
8.320108394603716079e+03
8.320108394604656496e+03
8.320108394599885287e+03
8.320108394604476416e+03
8.320108394603917986e+03
8.320108394600116299e+03
