0.000000000000000000e+00
4.366524615203770364e-07
1.743399149146806788e-06
3.915558540012947105e-06
6.948626771425276262e-06
1.083827517751814542e-05
1.558034744488925530e-05
2.117085640076017168e-05
2.760598044676493095e-05
3.488205965105697779e-05
4.299559151104173063e-05
5.194322639869063465e-05
6.172176270007295306e-05
7.232814166045526023e-05
8.375944194606573065e-05
9.601287393340176256e-05
1.090857737367748628e-04
1.229755969846373369e-04
1.376799123551198192e-04
1.531963948811279066e-04
1.695228190352998893e-04
1.866570516051141286e-04
2.045970443684555170e-04
2.233408265800031873e-04
2.428864972788867343e-04
2.632322174281736269e-04
2.843762018968967460e-04
3.063167112955053509e-04
3.290520436758253057e-04
3.525805261068431650e-04
3.769005061378820939e-04
4.020103431610152914e-04
4.279083996848605763e-04
4.545930325322199627e-04
4.820625839743638273e-04
5.103153728151144011e-04
5.393496854382505944e-04
5.691637668321355764e-04
5.997558116058609610e-04
6.311239550115981586e-04
6.632662639882516437e-04
6.961807282419161169e-04
7.298652513790486593e-04
7.643176421086694382e-04
7.995356055303118542e-04
8.355167345248330074e-04
8.722585012655830741e-04
9.097582488678056896e-04
9.480131831944987875e-04
9.870203648373071948e-04
1.026776701291337796e-03
1.067278939343087102e-03
1.108523657690941785e-03
1.150507259817957128e-03
1.193225967136830271e-03
1.236675812427166787e-03
1.280852633585280887e-03
1.325752067706866292e-03
1.371369545522967831e-03
1.417700286209658224e-03
1.464739292591841005e-03
1.512481346761516835e-03
1.560921006130700167e-03
1.610052599939070265e-03
1.659870226236146926e-03
1.710367749357505698e-03
1.761538797914290405e-03
1.813376763314778579e-03
1.865874798836375092e-03
1.919025819265915075e-03
1.972822501125521232e-03
2.027257283500685792e-03
2.082322369486544825e-03
2.138009728267562318e-03
2.194311097845035030e-03
2.251217988425963708e-03
2.308721686485902969e-03
2.366813259517426375e-03
2.425483561474793721e-03
2.484723238924312506e-03
2.544522737908736301e-03
2.604872311532828878e-03
2.665762028275978687e-03
2.727181781036432107e-03
2.789121296910370730e-03
2.851570147707656322e-03
2.914517761204632896e-03
2.977953433132901270e-03
3.041866339901459250e-03
3.106245552048075755e-03
3.171080048414168674e-03
3.236358731035877175e-03
3.302070440742384694e-03
3.368203973450912929e-03
3.434748097146146217e-03
3.501691569530182915e-03
3.569023156327431195e-03
3.636731650227194822e-03
3.704805890445003573e-03
3.773234782882085424e-03
3.842007320860725723e-03
3.911112606411453613e-03
3.980539872086862746e-03
4.050278503274363194e-03
4.120318060979564698e-03
4.190648305049762302e-03
4.261259217805743807e-03
4.332141028048601926e-03
4.403284235406796851e-03
4.474679634987327979e-03
4.546318342293522233e-03
4.618191818370667896e-03
4.690291895139491254e-03
4.762610800876313638e-03
4.835141185797627549e-03
4.907876147705801835e-03
4.980809257651686549e-03
5.053934585568992978e-03
5.127246725834565429e-03
5.200740822707925794e-03
5.274412595602874336e-03
5.348258364143402763e-03
5.422275072955742847e-03
5.496460316148039926e-03
5.570812361428932429e-03
5.645330173816165073e-03
5.720013438886354697e-03
5.794862585517134360e-03
5.869878808073066175e-03
5.945064087987090608e-03
6.020421214689564496e-03
6.095953805837719779e-03
6.171666326798794754e-03
6.247564109341010793e-03
6.323653369487425291e-03
6.399941224488709876e-03
6.476435708872032258e-03
6.553145789524492462e-03
6.630081379770922517e-03
6.707253352407354860e-03
6.784673551653074529e-03
6.862354803985888478e-03
6.940310927827078070e-03
7.018556742044453241e-03
7.097108073243960785e-03
7.175981761822471973e-03
7.255195666756615071e-03
7.334768669104854179e-03
7.414720674202516376e-03
7.495072612531893455e-03
7.575846439252237677e-03
7.657065132377112102e-03
7.738752689589323795e-03
7.820934123686380454e-03
7.903635456652470179e-03
7.986883712355662482e-03
8.070706907872081740e-03
8.155134043441765457e-03
8.240195091063906921e-03
8.325920981742181148e-03
8.412343591393882727e-03
8.499495725439586147e-03
8.587411102093061091e-03
8.676124334374103395e-03
8.765670910869893112e-03
8.856087175273377743e-03
8.947410304729988897e-03
9.039678287026800541e-03
9.132929896660873723e-03
9.227204669826231942e-03
9.322542878361313873e-03
9.418985502701255133e-03
9.516574203881659685e-03
9.615351294642558028e-03
9.715359709683565187e-03
9.816642975122937681e-03
9.919245177215138543e-03
1.002321093038312065e-02
1.012858534462301140e-02
1.023541399234022438e-02
1.034374287467715314e-02
1.045361838739360116e-02
1.056508728636191760e-02
1.067819665273944500e-02
1.079299385788132747e-02
1.090952652805704005e-02
1.102784250903408522e-02
1.114798983059218408e-02
1.127001667103114634e-02
1.139397132173499728e-02
1.151990215185449452e-02
1.164785757316928044e-02
1.177788600518999036e-02
1.191003584055953281e-02
1.204435541081147303e-02
1.218089295254201967e-02
1.231969657405051696e-02
1.246081422250167742e-02
1.260429365166087015e-02
1.275018239025185740e-02
1.289852771098422973e-02
1.304937660029562019e-02
1.320277572885143573e-02
1.335877142284246435e-02
1.351740963611822513e-02
1.367873592319135932e-02
1.384279541314576908e-02
1.400963278447850402e-02
1.417929224090267067e-02
1.435181748813592166e-02
1.452725171169624678e-02
1.470563755572402466e-02
1.488701710284647158e-02
1.507143185509780652e-02
1.525892271590566229e-02
1.544952997315148305e-02
1.564329328330990240e-02
1.584025165666934354e-02
1.604044344363344046e-02
1.624390632210016838e-02
1.645067728591307135e-02
1.666079263437635072e-02
1.687428796282317012e-02
1.709119815422409372e-02
1.731155737182026033e-02
1.753539905276359917e-02
1.776275590274425595e-02
1.799365989158322604e-02
1.822814224976621739e-02
1.846623346589276737e-02
1.870796328501282343e-02
1.895336070782110971e-02
1.920245399067802353e-02
1.945527064642402215e-02
1.971183744595302739e-02
1.997218042050879008e-02
2.023632486466681729e-02
2.050429533996303913e-02
2.077611567912913959e-02
2.105180899089325111e-02
2.133139766530348092e-02
2.161490337953064084e-02
2.190234710410541435e-02
2.219374910954416413e-02
2.248912897331648703e-02
2.278850558710665553e-02
2.309189716431998482e-02
2.339932124778422440e-02
2.371079471759497681e-02
2.402633379905312616e-02
2.434595407064115910e-02
2.466967047198414045e-02
2.499749731173993642e-02
2.532944827536199803e-02
2.566553643267673740e-02
2.600577424521610323e-02
2.635017357324435927e-02
2.669874568241659835e-02
2.705150125000484532e-02
2.740845037062392131e-02
2.776960256139152441e-02
2.813496676645022704e-02
2.850455136077652968e-02
2.887836415320393230e-02
2.925641238857941764e-02
2.963870274897143983e-02
3.002524135384355627e-02
3.041603375910395882e-02
3.081108495493682653e-02
3.121039936231687767e-02
3.161398082810314841e-02
3.202183261860269692e-02
3.243395741148877992e-02
3.285035728595128712e-02
3.327103371095026241e-02
3.369598753143526054e-02
3.412521895238574549e-02
3.455872752051293573e-02
3.499651210346621522e-02
3.543857086636340720e-02
3.588490124545214849e-02
3.633549991870958784e-02
3.679036277316061893e-02
3.724948486868507463e-02
3.771286039806661522e-02
3.818048264301827227e-02
3.865234392589963347e-02
3.912843555681971841e-02
3.960874777579636435e-02
4.009326968961785670e-02
4.058198920302546336e-02
4.107489294380606976e-02
4.157196618135207411e-02
4.207319273821108485e-02
4.257855489411037364e-02
4.308803328190028564e-02
4.360160677481654534e-02
4.411925236441351095e-02
4.464094502846852053e-02
4.516665758810104597e-02
4.569636055328950286e-02
4.623002195590228403e-02
4.676760716928806544e-02
4.730907871339283532e-02
4.785439604428710914e-02
4.840351532689597669e-02
4.895638918962572084e-02
4.951296645947775299e-02
5.007319187611840999e-02
5.063700578325655566e-02
5.120434379554726634e-02
5.177513643908841778e-02
5.234930876342933082e-02
5.292677992284072069e-02
5.350746272441673362e-02
5.409126314038808364e-02
5.467807978182025880e-02
5.526780333065006712e-02
5.586031592679382984e-02
5.645549050677496628e-02
5.705319009012211479e-02
5.765326700944994193e-02
5.825556207988598356e-02
5.885990370319519466e-02
5.946610690164704643e-02
6.007397227635455361e-02
6.068328488449577923e-02
6.129381302951096566e-02
6.190530695805886163e-02
6.251749745722179341e-02
6.313009434518136731e-02
6.374278484835729786e-02
6.435523185782764111e-02
6.496707205774884808e-02
6.557791391849308871e-02
6.618733554734781976e-02
6.679488238991511395e-02
6.740006477584878364e-02
6.800235530332908451e-02
6.860118605776002743e-02
6.919594566165782057e-02
6.978597615466880510e-02
7.037056970521500532e-02
7.094896515853510444e-02
7.152034443000782060e-02
7.208382875777291643e-02
7.263847483498142577e-02
7.318327084971450180e-02
7.371713246992908641e-02
7.423889882195897072e-02
7.474732852436954955e-02
7.524109585459033689e-02
7.571878714397035914e-02
7.617889751793427422e-02
7.661982812191710235e-02
7.703988400078916332e-02
7.743727282947732160e-02
7.781010472517504994e-02
7.815639340637202392e-02
7.847405900003089074e-02
7.876093283424380476e-02
7.901476458770434474e-02
7.923323219674920093e-02
7.941395494220662710e-02
7.955451014764319817e-02
7.965245391277714360e-02
7.970534627498486457e-02
7.971078113153123867e-02
7.966642115872785146e-02
7.957003782532673375e-02
7.941955641089264162e-02
7.921310570267402207e-02
7.894907175710516589e-02
7.862615477990404778e-02
7.824342781342631670e-02
7.780039554048634454e-02
7.729705114707195734e-02
7.673392886641100530e-02
7.611214959338347130e-02
7.543345685322072613e-02
7.470024047107466647e-02
7.391554555000071081e-02
7.308306483966485467e-02
7.220711326116104056e-02
7.129258421433139203e-02
7.034488827697835123e-02
6.936987593225459048e-02
6.837374693873424225e-02
6.736294979129277272e-02
6.634407532365174665e-02
6.532374881104538455e-02
6.430852491128753734e-02
6.330478943813203085e-02
6.231867133082188981e-02
6.135596733499919242e-02
6.042208092704307032e-02
5.952197598553681662e-02
5.866014472167694477e-02
5.784058848984924978e-02
5.706680935253779369e-02
5.634180968855294347e-02
5.566809670725870324e-02
5.504768844572454495e-02
5.448211765504359927e-02
5.397242990435480864e-02
5.351917224044564630e-02
5.312236886402824099e-02
5.278148060324480695e-02
5.249534565096412864e-02
5.226210038894733151e-02
5.207908164750212759e-02
5.194271620728305172e-02
5.184841082376333982e-02
5.179046791936051802e-02
5.176206974837232327e-02
5.175539795775688234e-02
5.176198424560272959e-02
5.177341389990729875e-02
5.178251006266237910e-02
5.178508159070908251e-02
5.178217944238085874e-02
5.178254256468463324e-02
5.180454598152165607e-02
5.187662732797083953e-02
5.203512900392572721e-02
5.231902593017326297e-02
5.276212766420327466e-02
5.338458724432415536e-02
5.418615154547229418e-02
5.514306405863688559e-02
5.620915671603025909e-02
5.732029627533813398e-02
5.840071995951759409e-02
5.937002434937059536e-02
6.015024298095738436e-02
6.067300959270377492e-02
6.088688495934047734e-02
6.076444544563103234e-02
6.030791340761851305e-02
5.955145556994294320e-02
5.855840371341872186e-02
5.741289570082665911e-02
5.620741079652208372e-02
5.502931867118149301e-02
5.394985716865169367e-02
5.301776052139244716e-02
5.225791296612752185e-02
5.167398844374989503e-02
5.125362199722739015e-02
5.097510405700642067e-02
5.081532072354656704e-02
5.075894166371699295e-02
5.080793783575428268e-02
5.098811678652306195e-02
5.134682875883429115e-02
5.193689350904805851e-02
5.278898903896141886e-02
5.388445291552061006e-02
5.514287658427415723e-02
5.643015013860564616e-02
5.758154431383125105e-02
5.843111623322853193e-02
5.884239185481486556e-02
5.873787277317273070e-02
5.812182122123747685e-02
5.708576088185419312e-02
5.578808040514082051e-02
5.441184605256469548e-02
5.311909654029794980e-02
5.202151354359892121e-02
5.117538679580932448e-02
5.059572459516959581e-02
5.027965770211840352e-02
5.023058797530546848e-02
5.047426342242031239e-02
5.105436150867861261e-02
5.199861466583471231e-02
5.326809830104656251e-02
5.472534868416214365e-02
5.614727007118609087e-02
5.727459825244429759e-02
5.787493073710090613e-02
5.780593585968239051e-02
5.706631111467276585e-02
5.580754568953595618e-02
5.428446292346024438e-02
5.276551908023211640e-02
5.145938701625719230e-02
5.049520825097681548e-02
4.994734147152222331e-02
4.987101173354754891e-02
5.031586618653657167e-02
5.129580684185897771e-02
5.272570164167816181e-02
5.438113898133994928e-02
5.593036265323896028e-02
5.702084480900748709e-02
5.737638293056217947e-02
5.688642631366866431e-02
5.566157981620400291e-02
5.400219734011988543e-02
5.227876413876620526e-02
5.081480576006637551e-02
4.984940690806686364e-02
4.955634194657821540e-02
5.004233058980467330e-02
5.128077212479848629e-02
5.303440528222849032e-02
5.487805437688442894e-02
5.633147595886390385e-02
5.700053863935023585e-02
5.668231931822831360e-02
5.544401349744548790e-02
5.362129015396348980e-02
5.169425843723930714e-02
5.013881972977945328e-02
4.935501570512330904e-02
4.961435233933702421e-02
5.092519153140945276e-02
5.291121197832945183e-02
5.492727772800480579e-02
5.634861348368417483e-02
5.675946881640738656e-02
5.602057254169209854e-02
5.432184799335331576e-02
5.216592111505845980e-02
5.022653820831735061e-02
4.917652023238483494e-02
4.949174387636097461e-02
5.114229178795804548e-02
5.344710341625281969e-02
5.546876634550868684e-02
5.652530091915170668e-02
5.630788588994090071e-02
5.484388066598205880e-02
5.256089359418608664e-02
5.028300698582311573e-02
4.900584902030264561e-02
4.946243901749900612e-02
5.151835853133466397e-02
5.407074078066311656e-02
5.592590970062231298e-02
5.647173114128097721e-02
5.555229993991351450e-02
5.337559777884701151e-02
5.073902756784826745e-02
4.896574002271465026e-02
4.923158156363355992e-02
5.149634198023313875e-02
5.427047520638265954e-02
5.606349971403408461e-02
5.630713241528715468e-02
5.492266605808199947e-02
5.225397803026133464e-02
4.956781329290282229e-02
4.869882964657439722e-02
5.049819119825828956e-02
5.357456148268198437e-02
5.580446645601144090e-02
5.632533430084875337e-02
5.503476847516663301e-02
5.218677459402162877e-02
4.929002332891354449e-02
4.870796998043992743e-02
5.117542423137214774e-02
5.443715196491630270e-02
5.619760804932125153e-02
5.598217940005774385e-02
5.375805598428783777e-02
5.033621572039246456e-02
4.842541939131769779e-02
5.017863439761646727e-02
5.380117564079638787e-02
5.605587743452968008e-02
5.611725087356447816e-02
5.394150616714341734e-02
5.025168456451283711e-02
4.832401745315185321e-02
5.063158797106503961e-02
5.446542396920842771e-02
5.630373140066549653e-02
5.573238238944407119e-02
5.266799513616989697e-02
4.891207495646751613e-02
4.888827291688841586e-02
5.285572694661619386e-02
5.591880762280845851e-02
5.625852391785120948e-02
5.388248615363720739e-02
4.961765291239000897e-02
4.840155353142068517e-02
5.228910798447886782e-02
5.583624412928257091e-02
5.635567397841832749e-02
5.390561563995881905e-02
4.935140915664035233e-02
4.858523019002129739e-02
5.311260951468668723e-02
5.626385458833467468e-02
5.612205723790766182e-02
5.259422790584073609e-02
4.825534749818975733e-02
5.010576354289257572e-02
5.508012710524155808e-02
5.664725714410177165e-02
5.476447748644616004e-02
4.963304542761092647e-02
4.852970267239174740e-02
5.380157237326525788e-02
5.666495743070904673e-02
5.569344875989060140e-02
5.065669522128113389e-02
4.807950115809152269e-02
5.331128059780744499e-02
5.672420103051885321e-02
5.589368728003379916e-02
5.059059390059853639e-02
4.817181023171921567e-02
5.397967988819502710e-02
5.695511603302930853e-02
5.540352234201695314e-02
4.933160534081212217e-02
4.923625230485480231e-02
5.559687192605145684e-02
5.706536639533989208e-02
5.353768060404910656e-02
4.778358300367512718e-02
5.238357793144490099e-02
5.707078438028365813e-02
5.617489773962087984e-02
4.962105452175099435e-02
4.941992878982322951e-02
5.632725397048891913e-02
5.718696197374711909e-02
5.191203313651406720e-02
4.802447001815003669e-02
5.540316105681575981e-02
5.756865530379250834e-02
5.331764810043669589e-02
4.766995117400756043e-02
5.499998725783228348e-02
5.778663497740113564e-02
5.364196817258034405e-02
4.766992173009138023e-02
5.551059679552700077e-02
5.794877592450372455e-02
5.278586996455049418e-02
4.818172725512724630e-02
5.681288895009697221e-02
5.788942570553617939e-02
5.052992351991726638e-02
5.033125697656675585e-02
5.811437145134511206e-02
5.682802309212556247e-02
4.779694849284736591e-02
5.471548253567939252e-02
5.861571428268952388e-02
5.289096674414060784e-02
4.905672396349257391e-02
5.839742684983848658e-02
5.742003380636820364e-02
4.759672091820614515e-02
5.613819578022130607e-02
5.895542907612193184e-02
5.048640542212454174e-02
5.244905348803839684e-02
5.933238799268835545e-02
5.404994520331757313e-02
4.949995326909421844e-02
5.946399600782806966e-02
5.647766321888663538e-02
4.805221965463390282e-02
5.948934169291389407e-02
5.773157133943601638e-02
4.758900562469491752e-02
5.964871515076788228e-02
5.814167941710968179e-02
4.762450004300382983e-02
6.009645837206623042e-02
5.773573000685999768e-02
4.845350893744285181e-02
6.065781230556228226e-02
5.601344195954897909e-02
5.122544214628652059e-02
6.105160988162058877e-02
5.214787054276550510e-02
5.642247647165178626e-02
6.124937339546189519e-02
4.739064825553293558e-02
6.095942355361338300e-02
5.946262081012770179e-02
4.955911721261807568e-02
6.171713670320461143e-02
5.112998964143144337e-02
5.994792282736420563e-02
6.154751063913038722e-02
4.772752674635184766e-02
6.203148823453693422e-02
5.083604866384217047e-02
6.186210338755677995e-02
6.147082100300201024e-02
5.159830074833500480e-02
6.218498080226163294e-02
4.492847125184479262e-02
6.279246894923709577e-02
5.333624710717332906e-02
6.415905069347896394e-02
6.250536173211238000e-02
5.818690888126935856e-02
6.366852069914033518e-02
4.748053611540524466e-02
5.978464857647452363e-02
3.928506085810473669e-02
5.640967957656478626e-02
3.659394225275053314e-02
5.597401843441610764e-02
3.819271343935506935e-02
5.814785003117992068e-02
4.185501234272211851e-02
6.174662826733354898e-02
4.582873197993217462e-02
6.541382312205352989e-02
4.878246664756641371e-02
6.747929088398263442e-02
4.947119998229203980e-02
6.596666019163485717e-02
4.694789826704784397e-02
5.945603726582515680e-02
4.191936482448145596e-02
4.898108914995980001e-02
3.890894536774644474e-02
3.977353783460699232e-02
4.579465263356270743e-02
3.927368641429524604e-02
6.176467017309289487e-02
4.276106921129516764e-02
5.973890426749805388e-02
3.959840187097062036e-02
4.149424055481695101e-02
5.246045952452768613e-02
4.069264812781929475e-02
6.362079465547883228e-02
3.902487504504519727e-02
3.945853307312867375e-02
6.145961131677157158e-02
3.880001074332464078e-02
4.804267532244430039e-02
5.059821524204241583e-02
3.841766657765044446e-02
5.404172587341266043e-02
4.887985929173546684e-02
3.808418846096912891e-02
5.021266501871048116e-02
5.807569175410937090e-02
3.479165809903163320e-02
3.448075049641706469e-02
7.197112384248879891e-02
3.117079108013481870e-02
3.189182796860408342e-02
3.974778728132132011e-02
7.380378243427249130e-02
2.440188553353282719e-02
2.648696875743843104e-02
1.976644666265454930e-02
6.461725469425291801e-02
6.527249731821449519e-02
6.040723802602884773e-03
9.483275643606365463e-03
6.866268003074571871e-03
1.642041873634684027e-03
5.068294973253066604e-02
9.587430941677685392e-02
6.787074639541174070e-02
-1.751025479869341983e-02
-1.020102650235536895e-01
-1.577877846849949917e-01
-1.850645784978353636e-01
-1.928871633024397125e-01
-1.898128819782195498e-01
-1.815573921066452601e-01
-1.713040052370861654e-01
-1.605672960309559028e-01
-1.500251883405882281e-01
-1.401984446921515359e-01
-1.318338142375363176e-01
-1.259313304487428842e-01
-1.235920360062749551e-01
-1.257926990374190201e-01
-1.330308061272136855e-01
-1.450345991681627478e-01
-1.607990740350083436e-01
-1.787917221477304530e-01
-1.969652436713401344e-01
-2.124110503373538017e-01
-2.209496339720213864e-01
-2.180868272906768823e-01
-2.036726013815525760e-01
-1.866692546853859214e-01
-1.780549572998472718e-01
-1.788844839619202209e-01
-1.818417561623554557e-01
-1.807331894644873538e-01
-1.787729639326726683e-01
-1.842597442074855596e-01
-1.958819130694461896e-01
-2.022243735268731690e-01
-1.954016042156246358e-01
-1.850777152133500914e-01
-1.832514495724557879e-01
-1.844229899523431304e-01
-1.833699519966651981e-01
-1.874571170271480680e-01
-1.957450496827470854e-01
-1.953313889146183202e-01
-1.873053718761269471e-01
-1.851117310608254296e-01
-1.854388988016837103e-01
-1.860320837411035544e-01
-1.920645178109828266e-01
-1.943448514708605024e-01
-1.883849577816805732e-01
-1.860959814968779769e-01
-1.861592805400757167e-01
-1.880942667839484161e-01
-1.930094479134373264e-01
-1.911111888298611394e-01
-1.870155356136889158e-01
-1.866976162084263147e-01
-1.878342038060274721e-01
-1.918944557807706619e-01
-1.910151436662033686e-01
-1.874973251426801102e-01
-1.870694565465540193e-01
-1.887198420668066146e-01
-1.917664375995178916e-01
-1.897996483029767423e-01
-1.874746573519189830e-01
-1.876753328256173525e-01
-1.902588730934631767e-01
-1.910503704266249270e-01
-1.884014207542591413e-01
-1.875671149834924334e-01
-1.893060924957289948e-01
-1.909959592068732337e-01
-1.892238620178749442e-01
-1.877152180062340581e-01
-1.889808978010886487e-01
-1.906747825157343312e-01
-1.895928895291388583e-01
-1.878966460217088019e-01
-1.890089789583093149e-01
-1.904421284155520255e-01
-1.896263485968568696e-01
-1.880049862984047304e-01
-1.892659848220467622e-01
-1.902736146258447447e-01
-1.894664036732071344e-01
-1.880942691493971142e-01
-1.896434511973715265e-01
-1.901095358033959293e-01
-1.891370987014268368e-01
-1.883841901244400485e-01
-1.899128431652035154e-01
-1.899632637228058085e-01
-1.886366602598829878e-01
-1.890665354021779099e-01
-1.898747367824178134e-01
-1.897436351498861806e-01
-1.883332030120460354e-01
-1.897588639710876268e-01
-1.897947364839219775e-01
-1.890939176113817788e-01
-1.889377700085483336e-01
-1.897486834571879277e-01
-1.898162892469567598e-01
-1.884531705291467574e-01
-1.897930756989055778e-01
-1.896680901688753695e-01
-1.890804112240031254e-01
-1.892233294493111395e-01
-1.895706416598836042e-01
-1.897559493706889033e-01
-1.886097900486939649e-01
-1.897892739814863727e-01
-1.897390198024725139e-01
-1.887248381795740559e-01
-1.897367746745355910e-01
-1.894485701680273526e-01
-1.893355550514306818e-01
-1.892643257397107759e-01
-1.894243499074905746e-01
-1.897797120233390700e-01
-1.887918997903975937e-01
-1.896533188538517267e-01
-1.897899651324062020e-01
-1.886824612216748687e-01
-1.898305622883905974e-01
-1.895399034090417822e-01
-1.889355606845627145e-01
-1.897770008567428446e-01
-1.893029997926450603e-01
-1.893294556798739980e-01
-1.895303544756573866e-01
-1.892226773603455370e-01
-1.896558356615272167e-01
-1.892258832958771952e-01
-1.892934711758200161e-01
-1.898235824356563350e-01
-1.889777020205099800e-01
-1.894414981948844279e-01
-1.898413831201231639e-01
-1.888349558209141965e-01
-1.895957689915667710e-01
-1.897621370610267921e-01
-1.887930200497347499e-01
-1.897164309095461798e-01
-1.896406095217760546e-01
-1.888215072534435157e-01
-1.897927953167450055e-01
-1.895151666982843042e-01
-1.888864136507801272e-01
-1.898311801195116111e-01
-1.894060076057387243e-01
-1.889609371393572157e-01
-1.898439671877318602e-01
-1.893202630399914155e-01
-1.890278964442179133e-01
-1.898430996108852187e-01
-1.892579624144351824e-01
-1.890781151428274354e-01
-1.898373445385140579e-01
-1.892164749044883132e-01
-1.891077950499426563e-01
-1.898317365658372391e-01
-1.891930831336627317e-01
-1.891163194639253475e-01
-1.898279434982882152e-01
-1.891861086445713047e-01
-1.891049027095332014e-01
-1.898248636600135819e-01
-1.891950949737759569e-01
-1.890760168522160334e-01
-1.898192054657488193e-01
-1.892204150974929056e-01
-1.890333549868930818e-01
-1.898060566009419636e-01
-1.892625281049864772e-01
-1.889820519252017050e-01
-1.897795586889768349e-01
-1.893210402350084809e-01
-1.889288854469233503e-01
-1.897338066357545094e-01
-1.893937297322803026e-01
-1.888822009514384836e-01
-1.896640186015910723e-01
-1.894757428368338825e-01
-1.888513528894594784e-01
-1.895678958256497848e-01
-1.895592146926393939e-01
-1.888455609012693326e-01
-1.894469428862848304e-01
-1.896335658913692324e-01
-1.888722467397863369e-01
-1.893073958005998814e-01
-1.896866351169895493e-01
-1.889351286037148636e-01
-1.891603653162130250e-01
-1.897066208225818562e-01
-1.890325443249257498e-01
-1.890208947810823603e-01
-1.896845511595014189e-01
-1.891565707217554293e-01
-1.889058696391633096e-01
-1.896167546510555135e-01
-1.892934268097375694e-01
-1.888310550912871699e-01
-1.895066611881665586e-01
-1.894253666839574024e-01
-1.888078770905423087e-01
-1.893653087592177264e-01
-1.895338400577726012e-01
-1.888407670790603621e-01
-1.892101979537446632e-01
-1.896032622352250840e-01
-1.889258545630443098e-01
-1.890625742907359741e-01
-1.896244610164829481e-01
-1.890514856631115570e-01
-1.889436981939538740e-01
-1.895968814130750135e-01
-1.892005486384501778e-01
-1.888710134692856424e-01
-1.895289474744751290e-01
-1.893540629043769796e-01
-1.888552040416280331e-01
-1.894365004781954076e-01
-1.894951221760097504e-01
-1.888988866822148838e-01
-1.893397735743210242e-01
-1.896122054627078224e-01
-1.889972010292822746e-01
-1.892597408847995211e-01
-1.897011011854784490e-01
-1.891400024703190075e-01
-1.892147767423414118e-01
-1.897651326380886683e-01
-1.893149378065658028e-01
-1.892183677866398628e-01
-1.898138601928142932e-01
-1.895105262626485543e-01
-1.892782311510625981e-01
-1.898608028680027759e-01
-1.897185021229859381e-01
-1.893967602112012483e-01
-1.899208707144410535e-01
-1.899350100025769261e-01
-1.895723925725635306e-01
-1.900081236088514702e-01
-1.901606302665911352e-01
-1.898013565788362889e-01
-1.901342426073216185e-01
-1.903995139182906859e-01
-1.900793021025628526e-01
-1.903078240043991898e-01
-1.906580511140170409e-01
-1.904024938845382819e-01
-1.905343799012086115e-01
-1.909434880387279598e-01
-1.907684530217233221e-01
-1.908168061145959771e-01
-1.912627968856910887e-01
-1.911761011234481278e-01
-1.911560626073669777e-01
-1.916219605821422867e-01
-1.916255542812231039e-01
-1.915518715612829215e-01
-1.920257085789370266e-01
-1.921177285506609211e-01
-1.920033296089165842e-01
-1.924776530081646064e-01
-1.926538781960387969e-01
-1.925094163545460479e-01
-1.929807181491538515e-01
-1.932351271455206299e-01
-1.930694385411960146e-01
-1.935377076177822453e-01
-1.938620098378415479e-01
-1.936834660311963219e-01
-1.941517944765894232e-01
-1.945340421591250646e-01
-1.943527813792281234e-01
-1.948266579097760187e-01
-1.952494117580499400e-01
-1.950802668650822302e-01
-1.955659794718451472e-01
-1.960049840952385602e-01
-1.958704948616556141e-01
-1.963721434070799798e-01
-1.967968756588661383e-01
-1.967291283742226282e-01
-1.972443282071127957e-01
-1.976217104108211886e-01
-1.976612239162504614e-01
-1.981766648261944763e-01
-1.984782672401603498e-01
-1.986683418762385800e-01
-1.991574896609452916e-01
-1.993686811855024943e-01
-1.997450580373255347e-01
-2.001705443942308760e-01
-2.002980895688740159e-01
-2.008762472710993729e-01
-2.011981045709759497e-01
-2.012720570331428815e-01
-2.020367866273800606e-01
-2.022248409718387929e-01
-2.022922809906703701e-01
-2.031946221067461311e-01
-2.032405522951042931e-01
-2.033523223658889878e-01
-2.043166215930003193e-01
-2.042403652336118314e-01
-2.044355104154353675e-01
-2.053751633711865254e-01
-2.052223778150711886e-01
-2.055163173733614568e-01
-2.063529555685000572e-01
-2.061841087186930821e-01
-2.065648675205194185e-01
-2.072444467205665497e-01
-2.071196244426864452e-01
-2.075528392199376126e-01
-2.080537884278241822e-01
-2.080186531034141917e-01
-2.084586000067168432e-01
-2.087906844702343279e-01
-2.088678670473416710e-01
-2.092700384431229188e-01
-2.094659617853149858e-01
-2.096535416839772348e-01
-2.099846931761632784e-01
-2.100883147552519425e-01
-2.103644086346343756e-01
-2.106077816779559908e-01
-2.106628412063582811e-01
-2.109937207759159383e-01
-2.111492178032367273e-01
-2.111912035342938809e-01
-2.115400616004183554e-01
-2.116206612978210333e-01
-2.116727999620708622e-01
-2.120069504530875393e-01
-2.120332766084056242e-01
-2.121062525189622017e-01
-2.124016260665673173e-01
-2.123964451847021317e-01
-2.124906862674181274e-01
-2.127334907635441974e-01
-2.127173440548700001e-01
-2.128265301804306842e-01
-2.130126249820279705e-01
-2.130011318685292032e-01
-2.131157972618166196e-01
-2.132486278989038364e-01
-2.132514508305333456e-01
-2.133619464928778464e-01
-2.134498817407825544e-01
-2.134710052881293174e-01
-2.135694884645046865e-01
-2.136232184182060290e-01
-2.136620627537587358e-01
-2.137434928199007100e-01
-2.137739000285462654e-01
-2.138268050418249966e-01
-2.138891178766288703e-01
-2.139058026680395741e-01
-2.139675184751311798e-01
-2.140112349235497868e-01
-2.140217010732060332e-01
-2.140866488246395416e-01
-2.141141766900666044e-01
-2.141235749967507207e-01
-2.141867623774443008e-01
-2.142016081376080239e-01
-2.142128856766980782e-01
-2.142704556788012360e-01
-2.142764990929904578e-01
-2.142907954760755185e-01
-2.143402493908826700e-01
-2.143411703013411440e-01
-2.143583226545920095e-01
-2.143984912965616885e-01
-2.143973840703212730e-01
-2.144164356841725683e-01
-2.144472830038342270e-01
-2.144464547225364559e-01
-2.144660983217581141e-01
-2.144884361478339718e-01
-2.144893601079546630e-01
-2.145082791582260673e-01
-2.145234575298413382e-01
-2.145268417584660359e-01
-2.145439389889026993e-01
-2.145535586756652513e-01
-2.145594868890017548e-01
-2.145740073222334732e-01
-2.145796833717834307e-01
-2.145877898899769542e-01
-2.145993565918907497e-01
-2.146025463369264918e-01
-2.146121940993992172e-01
-2.146207798039185266e-01
-2.146226767962986226e-01
-2.146331165901017024e-01
-2.146389748234029948e-01
-2.146404619025303329e-01
-2.146509596667945663e-01
-2.146545364801257794e-01
-2.146561863485439425e-01
-2.146661129838600135e-01
-2.146679562086638848e-01
-2.146700659015775559e-01
-2.146789499052652872e-01
-2.146796280066250451e-01
-2.146822738036070488e-01
-2.146898211384662969e-01
-2.146898590167226617e-01
-2.146929599526193055e-01
-2.146990479490618053e-01
-2.146988829140075439e-01
-2.147022634765744509e-01
-2.147069165235282739e-01
-2.147068744056912504e-01
-2.147103197490529414e-01
-2.147136743752465216e-01
-2.147139634333564973e-01
-2.147172631066594228e-01
-2.147195291321218058e-01
-2.147202480268724234e-01
-2.147232265589123223e-01
-2.147246496234653801e-01
-2.147258051346442875e-01
-2.147283396806599631e-01
-2.147291689005725590e-01
-2.147306991022241707e-01
-2.147327256918937777e-01
-2.147331886670947321e-01
-2.147349877631412884e-01
-2.147364985012904237e-01
-2.147367845411459475e-01
-2.147387263279980918e-01
-2.147397602513106685e-01
-2.147400115965593104e-01
-2.147419694070632767e-01
-2.147425996792199365e-01
-2.147429097107907969e-01
-2.147447715822898007e-01
-2.147450914167609304e-01
-2.147455083585264879e-01
-2.147471869666326694e-01
-2.147472962007979380e-01
-2.147478306133648041e-01
-2.147492681643845824e-01
-2.147492618612363013e-01
-2.147498962395150424e-01
-2.147510649896484380e-01
-2.147510248892405271e-01
-2.147517238602157097e-01
-2.147526232242310817e-01
-2.147526123631275929e-01
-2.147533322727142591e-01
-2.147539836128713187e-01
-2.147540440140823514e-01
-2.147547410381039079e-01
-2.147551812123592307e-01
-2.147553342408559385e-01
-2.147559705080911707e-01
-2.147562451388384253e-01
-2.147564939236785986e-01
-2.147570414622040347e-01
-2.147571986989905424e-01
-2.147575319352640344e-01
-2.147579745219187486e-01
-2.147580598481462488e-01
-2.147584562947101594e-01
-2.147587894874046222e-01
-2.147588418919416653e-01
-2.147592749534810996e-01
-2.147595047129949031e-01
-2.147595543366818127e-01
-2.147599962382037153e-01
-2.147601366037569515e-01
-2.147602037947384246e-01
-2.147606290009320684e-01
-2.147606992816890326e-01
-2.147607948621090279e-01
-2.147611825433393962e-01
-2.147612044392929187e-01
-2.147613309024859751e-01
-2.147616663875695220e-01
-2.147616613727803547e-01
-2.147618146927139648e-01
-2.147620899645773518e-01
-2.147620771682300089e-01
-2.147622489056085771e-01
-2.147624622825597684e-01
-2.147624570020125190e-01
-2.147626364255521003e-01
-2.147627916255910041e-01
-2.147628045114144124e-01
-2.147629805084853016e-01
-2.147630853178768007e-01
-2.147631221917365441e-01
-2.147632848099239600e-01
-2.147633495739762477e-01
-2.147634117809858190e-01
-2.147635533120878515e-01
-2.147635894414206548e-01
-2.147636746012150655e-01
-2.147637901842909536e-01
-2.147638088304929249e-01
-2.147639118351789556e-01
-2.147639996099449111e-01
-2.147640106171936347e-01
-2.147641247269721498e-01
-2.147641856096854651e-01
-2.147641967998830392e-01
-2.147643147046268686e-01
-2.147643518841857169e-01
-2.147643686876603009e-01
-2.147644834304713868e-01
-2.147645016931433726e-01
-2.147645270988599031e-01
-2.147646327908894759e-01
-2.147646377796156025e-01
-2.147646725505471810e-01
-2.147647648407578214e-01
-2.147647623420771978e-01
-2.147648054239185700e-01
-2.147648817193184567e-01
-2.147648770508621963e-01
-2.147649260953701511e-01
-2.147649855538059649e-01
-2.147649831013714039e-01
-2.147650350280505827e-01
-2.147650783651835760e-01
-2.147650812937429432e-01
-2.147651328234177759e-01
-2.147651619873128526e-01
-2.147651721275634362e-01
-2.147652202362665130e-01
-2.147652380072753442e-01
-2.147652559004678552e-01
-2.147652981596198940e-01
-2.147653077308392389e-01
-2.147653328008600759e-01
-2.147653675876694257e-01
-2.147653721736083599e-01
-2.147654029871442216e-01
-2.147654295656207246e-01
-2.147654320755004176e-01
-2.147654666484361818e-01
-2.147654851349781457e-01
-2.147654879340653855e-01
-2.147655240443904490e-01
-2.147655352816842111e-01
-2.147655400508553802e-01
-2.147655755242452724e-01
-2.147655808928623233e-01
-2.147655885845823065e-01
-2.147656215272419344e-01
-2.147656227259529538e-01
-2.147656336050550729e-01
-2.147656625680736120e-01
-2.147656613920285729e-01
-2.147656751427253485e-01
-2.147656992119037489e-01
-2.147656973532282298e-01
-2.147657132299082838e-01
-2.147657320437758310e-01
-2.147657309327285491e-01
-2.147657479311904094e-01
-2.147657616369842981e-01
-2.147657623345645694e-01
-2.147657793620091626e-01
-2.147657885243005049e-01
-2.147657916699714509e-01
-2.147658076957341677e-01
-2.147658131749854982e-01
-2.147658189867297784e-01
-2.147658331606815685e-01
-2.147658359794160365e-01
-2.147658442982068872e-01
-2.147658560292761976e-01
-2.147658572420335921e-01
-2.147658676093081032e-01
-2.147658766020123511e-01
-2.147658771823177659e-01
-2.147658889372857927e-01
-2.147658951889618306e-01
-2.147658959426661240e-01
-2.147659083261871937e-01
-2.147659120913790742e-01
-2.147659136014894443e-01
-2.147659258545575323e-01
-2.147659275855259009e-01
-2.147659301895239181e-01
-2.147659416367630469e-01
-2.147659419102571632e-01
-2.147659457073098077e-01
-2.147659558188982354e-01
-2.147659552592612320e-01
-2.147659601419578401e-01
-2.147659685706517219e-01
-2.147659677782064735e-01
-2.147659734816657617e-01
-2.147659800747122594e-01
-2.147659795664765836e-01
-2.147659857269005323e-01
-2.147659905153096183e-01
-2.147659906827274756e-01
-2.147659968976603773e-01
-2.147660000673313196e-01
-2.147660011531980495e-01
-2.147660070367193308e-01
-2.147660088871755357e-01
-2.147660109815619778e-01
-2.147660162091838687e-01
-2.147660171061404333e-01
-2.147660201591135298e-01
-2.147660244990242107e-01
-2.147660248267601046e-01
-2.147660286742117397e-01
-2.147660320034570358e-01
-2.147660321221200597e-01
-2.147660365201335964e-01
-2.147660388261514175e-01
-2.147660390378605677e-01
-2.147660437007710976e-01
-2.147660450702078005e-01
-2.147660455963266990e-01
-2.147660502339103772e-01
-2.147660508317437711e-01
-2.147660518021696219e-01
-2.147660561521203826e-01
-2.147660561947326574e-01
-2.147660576486416784e-01
-2.147660615015246077e-01
-2.147660612275129888e-01
-2.147660631238564877e-01
-2.147660663389130420e-01
-2.147660659811462536e-01
-2.147660682163859691e-01
-2.147660707277620484e-01
-2.147660704895758832e-01
-2.147660729197196361e-01
-2.147660747337654663e-01
-2.147660747713512897e-01
-2.147660772352947001e-01
-2.147660784204482309e-01
-2.147660788325431447e-01
-2.147660811739936226e-01
-2.147660818453453746e-01
-2.147660826703970960e-01
-2.147660847561811415e-01
-2.147660850571021518e-01
-2.147660862772525492e-01
-2.147660880104955428e-01
-2.147660880937039551e-01
-2.147660896442864786e-01
-2.147660909717115651e-01
-2.147660909818945307e-01
-2.147660927647170870e-01
-2.147660936780470542e-01
-2.147660937377055823e-01
-2.147660956362068552e-01
-2.147660961682932856e-01
-2.147660963679098589e-01
-2.147660982623226522e-01
-2.147660984791172067e-01
-2.147660988721361297e-01
-2.147661006530293126e-01
-2.147661006428174812e-01
-2.147661012453447316e-01
-2.147661028242982550e-01
-2.147661026857300426e-01
-2.147661034803631519e-01
-2.147661047969963710e-01
-2.147661046273826591e-01
-2.147661055702116406e-01
-2.147661065952757575e-01
-2.147661064804035347e-01
-2.147661075100047723e-01
-2.147661082447094305e-01
-2.147661082511065633e-01
-2.147661092982874886e-01
-2.147661097704139654e-01
-2.147661099406115714e-01
-2.147661109377411170e-01
-2.147661111953707014e-01
-2.147661115463181392e-01
-2.147661124352705786e-01
-2.147661125391085168e-01
-2.147661130635344362e-01
-2.147661138015477256e-01
-2.147661138168518169e-01
-2.147661144870709748e-01
-2.147661150501352090e-01
-2.147661150391741713e-01
-2.147661158126350223e-01
-2.147661161963430876e-01
-2.147661162121380363e-01
-2.147661170379032425e-01
-2.147661172559814924e-01
-2.147661173378508648e-01
-2.147661181631989880e-01
-2.147661182441617522e-01
-2.147661184153314140e-01
-2.147661191917521750e-01
-2.147661191742752940e-01
-2.147661194415586006e-01
-2.147661201295669176e-01
-2.147661200572437978e-01
-2.147661204125715095e-01
-2.147661209849611730e-01
-2.147661209010927885e-01
-2.147661213244984602e-01
-2.147661217678704659e-01
-2.147661217108602361e-01
-2.147661221744153193e-01
-2.147661224890214937e-01
-2.147661224888124665e-01
-2.147661229609633682e-01
-2.147661231590836661e-01
-2.147661232349107052e-01
-2.147661236846909183e-01
-2.147661237878951968e-01
-2.147661239474496497e-01
-2.147661243481168436e-01
-2.147661243838416556e-01
-2.147661246237804744e-01
-2.147661249555440077e-01
-2.147661249534386640e-01
-2.147661252610315874e-01
-2.147661255126750435e-01
-2.147661255011426018e-01
-2.147661258567500064e-01
-2.147661260260966820e-01
-2.147661260293849961e-01
-2.147661264094037903e-01
-2.147661265027066280e-01
-2.147661265388032259e-01
-2.147661269187082778e-01
-2.147661269491539238e-01
-2.147661270286214119e-01
-2.147661273857611186e-01
-2.147661273713536711e-01
-2.147661274971241485e-01
-2.147661278129944229e-01
-2.147661277741226282e-01
-2.147661279421624603e-01
-2.147661282039705077e-01
-2.147661281609629103e-01
-2.147661283616345007e-01
-2.147661285630624861e-01
-2.147661285340022319e-01
-2.147661287538921993e-01
-2.147661288950676040e-01
-2.147661288940804492e-01
-2.147661291180393006e-01
-2.147661292048044235e-01
-2.147661292409580036e-01
-2.147661294541010069e-01
-2.147661294967400936e-01
-2.147661295736102982e-01
-2.147661297630621968e-01
-2.147661297746863152e-01
-2.147661298905675087e-01
-2.147661300467854362e-01
-2.147661300415898422e-01
-2.147661301902576148e-01
-2.147661303078315376e-01
-2.147661302994312016e-01
-2.147661304713157637e-01
-2.147661305492144512e-01
-2.147661305492315764e-01
-2.147661307328300184e-01
-2.147661307741247361e-01
-2.147661307911556960e-01
-2.147661309745034497e-01
-2.147661309856561118e-01
-2.147661310246900268e-01
-2.147661311967248576e-01
-2.147661311865659284e-01
-2.147661312488689800e-01
-2.147661314005497868e-01
-2.147661313790921178e-01
-2.147661314625197160e-01
-2.147661315876041310e-01
-2.147661315648416447e-01
-2.147661316644972340e-01
-2.147661317599295905e-01
-2.147661317447556728e-01
-2.147661318538855169e-01
-2.147661319197937402e-01
-2.147661319191472296e-01
-2.147661320301466337e-01
-2.147661320694904952e-01
-2.147661320878003488e-01
-2.147661321932070877e-01
-2.147661322111532600e-01
-2.147661322501134007e-01
-2.147661323434794656e-01
-2.147661323466008576e-01
-2.147661324052665965e-01
-2.147661324818234130e-01
-2.147661324772297819e-01
-2.147661325523930465e-01
-2.147661326094574830e-01
-2.147661326039601026e-01
-2.147661326907341350e-01
-2.147661327278367061e-01
-2.147661327272356313e-01
-2.147661328197640607e-01
-2.147661328385132573e-01
-2.147661328470732156e-01
-2.147661329392731577e-01
-2.147661329429976229e-01
-2.147661329631506688e-01
-2.147661330494050336e-01
-2.147661330426358650e-01
-2.147661330749200681e-01
-2.147661331506481863e-01
-2.147661331385149475e-01
-2.147661331817316277e-01
-2.147661332437879600e-01
-2.147661332314041716e-01
-2.147661332829534087e-01
-2.147661333298279407e-01
-2.147661333217354973e-01
-2.147661333780745141e-01
-2.147661334098929509e-01
-2.147661334096216124e-01
-2.147661334667822497e-01
-2.147661334851259651e-01
-2.147661334949056144e-01
-2.147661335490070322e-01
-2.147661335565911878e-01
-2.147661335772341473e-01
-2.147661336249342412e-01
-2.147661336251935615e-01
-2.147661336561437762e-01
-2.147661336949844568e-01
-2.147661336916218411e-01
-2.147661337311493890e-01
-2.147661337597677744e-01
-2.147661337563194217e-01
-2.147661338018253541e-01
-2.147661338200203274e-01
-2.147661338194837566e-01
-2.147661338678707177e-01
-2.147661338765310679e-01
-2.147661338810911147e-01
-2.147661339291530580e-01
-2.147661339300689087e-01
-2.147661339409423775e-01
-2.147661339857282470e-01
-2.147661339813176640e-01
-2.147661339987220197e-01
-2.147661340378363426e-01
-2.147661340308257560e-01
-2.147661340540633901e-01
-2.147661340858762480e-01
-2.147661340789749074e-01
-2.147661341066118557e-01
-2.147661341303641891e-01
-2.147661341259692047e-01
-2.147661341560794246e-01
-2.147661341718820338e-01
-2.147661341718444250e-01
-2.147661342022859354e-01
-2.147661342110224192e-01
-2.147661342164942644e-01
-2.147661342451828159e-01
-2.147661342483366542e-01
-2.147661342597092238e-01
-2.147661342848595778e-01
-2.147661342842915322e-01
-2.147661343012227664e-01
-2.147661343215330199e-01
-2.147661343192385774e-01
-2.147661343407588075e-01
-2.147661343555227476e-01
-2.147661343533981693e-01
-2.147661343780752907e-01
-2.147661343872167006e-01
-2.147661343868590145e-01
-2.147661344129993266e-01
-2.147661344170315734e-01
-2.147661344195915534e-01
-2.147661344454508958e-01
-2.147661344453732357e-01
-2.147661344514725512e-01
-2.147661344754534796e-01
-2.147661344726012889e-01
-2.147661344823172946e-01
-2.147661345031317837e-01
-2.147661344990017540e-01
-2.147661345119148413e-01
-2.147661345286976664e-01
-2.147661345247698361e-01
-2.147661345400626309e-01
-2.147661345524274901e-01
-2.147661345500040120e-01
-2.147661345665961286e-01
-2.147661345746335326e-01
-2.147661345747111650e-01
-2.147661345914113618e-01
-2.147661345956339840e-01
-2.147661345988211290e-01
-2.147661346144779104e-01
-2.147661346157240803e-01
-2.147661346222080048e-01
-2.147661346358421264e-01
-2.147661346351522338e-01
-2.147661346447157504e-01
-2.147661346556211659e-01
-2.147661346541032690e-01
-2.147661346661844384e-01
-2.147661346739892230e-01
-2.147661346726894571e-01
-2.147661346864742637e-01
-2.147661346911582114e-01
-2.147661346909504609e-01
-2.147661347054851400e-01
-2.147661347073557547e-01
-2.147661347088608008e-01
-2.147661347231696327e-01
-2.147661347228030371e-01
-2.147661347263437326e-01
-2.147661347395388443e-01
-2.147661347376949859e-01
-2.147661347432891221e-01
-2.147661347546608035e-01
-2.147661347521850339e-01
-2.147661347595733461e-01
-2.147661347686526667e-01
-2.147661347663755993e-01
-2.147661347750786098e-01
-2.147661347816676169e-01
-2.147661347803148657e-01
-2.147661347897096284e-01
-2.147661347938788767e-01
-2.147661347939997245e-01
-2.147661348034060336e-01
-2.147661348054624997e-01
-2.147661348073841570e-01
-2.147661348161497008e-01
-2.147661348165812445e-01
-2.147661348203914189e-01
-2.147661348279663318e-01
-2.147661348273710857e-01
-2.147661348329285291e-01
-2.147661348389219294e-01
-2.147661348379316104e-01
-2.147661348449011742e-01
-2.147661348491147759e-01
-2.147661348483212163e-01
-2.147661348562274197e-01
-2.147661348586644148e-01
-2.147661348585570840e-01
-2.147661348668487014e-01
-2.147661348676989101e-01
-2.147661348686197014e-01
-2.147661348767372080e-01
-2.147661348763422184e-01
-2.147661348784606905e-01
-2.147661348858989072e-01
-2.147661348847028362e-01
-2.147661348880132715e-01
-2.147661348943726844e-01
-2.147661348928651681e-01
-2.147661348972037254e-01
-2.147661349022255695e-01
-2.147661349008840592e-01
-2.147661349059623859e-01
-2.147661349095452143e-01
-2.147661349087832405e-01
-2.147661349142332421e-01
-2.147661349164304567e-01
-2.147661349165569111e-01
-2.147661349219810167e-01
-2.147661349229814387e-01
-2.147661349241749285e-01
-2.147661349291952460e-01
-2.147661349292901978e-01
-2.147661349315897472e-01
-2.147661349358910565e-01
-2.147661349354328952e-01
-2.147661349387449958e-01
-2.147661349421070009e-01
-2.147661349414644594e-01
-2.147661349455841917e-01
-2.147661349479003667e-01
-2.147661349474157544e-01
-2.147661349520586238e-01
-2.147661349533404318e-01
-2.147661349532936359e-01
-2.147661349581335699e-01
-2.147661349585011370e-01
-2.147661349590838098e-01
-2.147661349637928208e-01
-2.147661349634537586e-01
-2.147661349647554951e-01
-2.147661349690400956e-01
-2.147661349682600807e-01
-2.147661349702675027e-01
-2.147661349738984593e-01
-2.147661349729675095e-01
-2.147661349755751181e-01
-2.147661349784075469e-01
-2.147661349776060491e-01
-2.147661349806364861e-01
-2.147661349826188171e-01
-2.147661349821871624e-01
-2.147661349854182444e-01
-2.147661349865901959e-01
-2.147661349867052150e-01
-2.147661349898996042e-01
-2.147661349903799699e-01
-2.147661349911402784e-01
-2.147661349940746811e-01
-2.147661349940414299e-01
-2.147661349954625154e-01
-2.147661349979528844e-01
-2.147661349976181799e-01
-2.147661349996372038e-01
-2.147661350015574733e-01
-2.147661350011410564e-01
-2.147661350036299543e-01
-2.147661350049226703e-01
-2.147661350046264628e-01
-2.147661350074113462e-01
-2.147661350080896647e-01
-2.147661350080767029e-01
-2.147661350109607015e-01
-2.147661350111022271e-01
-2.147661350114815348e-01
-2.147661350142685277e-01
-2.147661350140021852e-01
-2.147661350148210857e-01
-2.147661350173374062e-01
-2.147661350168255101e-01
-2.147661350180696538e-01
-2.147661350201815200e-01
-2.147661350195993191e-01
-2.147661350211995945e-01
-2.147661350228249055e-01
-2.147661350223402099e-01
-2.147661350241854561e-01
-2.147661350252985935e-01
-2.147661350250536505e-01
-2.147661350270070602e-01
-2.147661350276371950e-01
-2.147661350277348113e-01
-2.147661350296520832e-01
-2.147661350298754879e-01
-2.147661350303705086e-01
-2.147661350321173057e-01
-2.147661350320448637e-01
-2.147661350329417018e-01
-2.147661350344088060e-01
-2.147661350341707742e-01
-2.147661350354267140e-01
-2.147661350365410449e-01
-2.147661350362708443e-01
-2.147661350378043399e-01
-2.147661350385349777e-01
-2.147661350383538725e-01
-2.147661350400565661e-01
-2.147661350404156677e-01
-2.147661350404201364e-01
-2.147661350421709303e-01
-2.147661350422095106e-01
-2.147661350424623083e-01
-2.147661350441418537e-01
-2.147661350439415417e-01
-2.147661350444675099e-01
-2.147661350459712792e-01
-2.147661350456330775e-01
-2.147661350464193653e-01
-2.147661350476681996e-01
-2.147661350472999386e-01
-2.147661350483006659e-01
-2.147661350492475474e-01
-2.147661350489513676e-01
-2.147661350500955912e-01
-2.147661350507283906e-01
-2.147661350505898348e-01
-2.147661350517918732e-01
-2.147661350521319068e-01
-2.147661350522115375e-01
-2.147661350533821567e-01
-2.147661350534792180e-01
-2.147661350538076497e-01
-2.147661350548647485e-01
-2.147661350547891701e-01
-2.147661350553659032e-01
-2.147661350562437288e-01
-2.147661350560768900e-01
-2.147661350568725314e-01
-2.147661350575282291e-01
-2.147661350573525085e-01
-2.147661350583142670e-01
-2.147661350587314055e-01
-2.147661350586207718e-01
-2.147661350596799801e-01
-2.147661350598687735e-01
-2.147661350598811247e-01
-2.147661350609620379e-01
-2.147661350609565700e-01
-2.147661350611284325e-01
-2.147661350621572485e-01
-2.147661350620100607e-01
-2.147661350623541743e-01
-2.147661350632670829e-01
-2.147661350630421240e-01
-2.147661350635478861e-01
-2.147661350642973976e-01
-2.147661350640620581e-01
-2.147661350646985767e-01
-2.147661350652576018e-01
-2.147661350650750534e-01
-2.147661350657963930e-01
-2.147661350661597135e-01
-2.147661350660821089e-01
-2.147661350668337576e-01
-2.147661350670169444e-01
-2.147661350670803382e-01
-2.147661350678062575e-01
-2.147661350678422565e-01
-2.147661350680637460e-01
-2.147661350687130322e-01
-2.147661350686471959e-01
-2.147661350690243387e-01
-2.147661350695569127e-01
-2.147661350694408666e-01
-2.147661350699532901e-01
-2.147661350703437833e-01
-2.147661350702291805e-01
-2.147661350708421624e-01
-2.147661350710820816e-01
-2.147661350710146910e-01
-2.147661350716840445e-01
-2.147661350717816053e-01
-2.147661350717965933e-01
-2.147661350724742457e-01
-2.147661350724524854e-01
-2.147661350725712792e-01
-2.147661350732109065e-01
-2.147661350731041585e-01
-2.147661350733330032e-01
-2.147661350738951369e-01
-2.147661350737445074e-01
-2.147661350740750208e-01
-2.147661350745308506e-01
-2.147661350743790831e-01
-2.147661350747902542e-01
-2.147661350751241260e-01
-2.147661350750108278e-01
-2.147661350754724585e-01
-2.147661350756826237e-01
-2.147661350756399912e-01
-2.147661350761169152e-01
-2.147661350762147259e-01
-2.147661350762644361e-01
-2.147661350767209876e-01
-2.147661350767285371e-01
-2.147661350768800825e-01
-2.147661350772842870e-01
-2.147661350772312461e-01
-2.147661350774816291e-01
-2.147661350778087563e-01
-2.147661350777283762e-01
-2.147661350780633860e-01
-2.147661350782983647e-01
-2.147661350782234246e-01
-2.147661350786199130e-01
-2.147661350787585244e-01
-2.147661350787176959e-01
-2.147661350791467971e-01
-2.147661350791954804e-01
-2.147661350792104129e-01
-2.147661350796412072e-01
-2.147661350796157276e-01
-2.147661350796989943e-01
-2.147661350801020608e-01
-2.147661350800251778e-01
-2.147661350801796376e-01
-2.147661350805302460e-01
-2.147661350804287161e-01
-2.147661350806478187e-01
-2.147661350809283443e-01
-2.147661350808296732e-01
-2.147661350810990133e-01
-2.147661350813004077e-01
-2.147661350812297421e-01
-2.147661350815292525e-01
-2.147661350816514325e-01
-2.147661350816288395e-01
-2.147661350819355108e-01
-2.147661350819867199e-01
-2.147661350820253279e-01
-2.147661350823161786e-01
-2.147661350823114879e-01
-2.147661350824164872e-01
-2.147661350826712001e-01
-2.147661350826302051e-01
-2.147661350827987092e-01
-2.147661350830018800e-01
-2.147661350829462579e-01
-2.147661350831682747e-01
-2.147661350833109106e-01
-2.147661350832617833e-01
-2.147661350835216865e-01
-2.147661350836018723e-01
-2.147661350835773919e-01
-2.147661350838561134e-01
-2.147661350838788175e-01
-2.147661350838923899e-01
-2.147661350841697792e-01
-2.147661350841459094e-01
-2.147661350842049732e-01
-2.147661350844621286e-01
-2.147661350844069506e-01
-2.147661350845125605e-01
-2.147661350847338002e-01
-2.147661350846649664e-01
-2.147661350848121542e-01
-2.147661350849866257e-01
