0.000000000000000000e+00
-1.956458648748984550e-03
-3.901876312038510784e-03
-5.836315302803441948e-03
-7.759837585597227291e-03
-9.672504779011419779e-03
-1.157437815839881118e-02
-1.346551865887526435e-02
-1.534598687857405275e-02
-1.721584308212530112e-02
-1.907514720433212130e-02
-2.092395885401413663e-02
-2.276233731798822657e-02
-2.459034156515577108e-02
-2.640803025066496001e-02
-2.821546172011640125e-02
-3.001269401377978235e-02
-3.179978487078913979e-02
-3.357679173328405320e-02
-3.534377175046406194e-02
-3.710078178252342734e-02
-3.884787840443364865e-02
-4.058511790954106441e-02
-4.231255631294725261e-02
-4.403024935464013023e-02
-4.573825250234403450e-02
-4.743662095405756784e-02
-4.912540964024833534e-02
-5.080467322567448069e-02
-5.247446611080330142e-02
-5.413484243279815394e-02
-5.578585606604547636e-02
-5.742756062219461777e-02
-5.906000944968401584e-02
-6.068325563272831263e-02
-6.229735198974187954e-02
-6.390235107117532565e-02
-6.549830515674276432e-02
-6.708526625201872984e-02
-6.866328608438487802e-02
-7.023241609830797871e-02
-7.179270744993200559e-02
-7.334421100096862045e-02
-7.488697731187175799e-02
-7.642105663428365447e-02
-7.794649890274116255e-02
-7.946335372563292920e-02
-8.097167037539967915e-02
-8.247149777797163628e-02
-8.396288450143883642e-02
-8.544587874395222216e-02
-8.692052832085489511e-02
-8.838688065104531588e-02
-8.984498274257589345e-02
-9.129488117749276488e-02
-9.273662209592431482e-02
-9.417025117942856571e-02
-9.559581363361123463e-02
-9.701335417002893147e-02
-9.842291698739386030e-02
-9.982454575209886993e-02
-1.012182835780838647e-01
-1.026041730060668900e-01
-1.039822559821657333e-01
-1.053525738359378794e-01
-1.067151672578692395e-01
-1.080700762763444761e-01
-1.094173402341337420e-01
-1.107569977644334569e-01
-1.120890867665006591e-01
-1.134136443809230371e-01
-1.147307069645688155e-01
-1.160403100652632330e-01
-1.173424883962400911e-01
-1.186372758104195513e-01
-1.199247052745650022e-01
-1.212048088433742565e-01
-1.224776176335620886e-01
-1.237431617979931620e-01
-1.250014704999262427e-01
-1.262525718874323855e-01
-1.274964930680513586e-01
-1.287332600837522711e-01
-1.299628978862657491e-01
-1.311854303128565657e-01
-1.324008800626064741e-01
-1.336092686732786028e-01
-1.348106164988353006e-01
-1.360049426876825118e-01
-1.371922651617143163e-01
-1.383726005962315486e-01
-1.395459644008094080e-01
-1.407123707011884162e-01
-1.418718323222638023e-01
-1.430243607722476995e-01
-1.441699662280785388e-01
-1.453086575221513299e-01
-1.464404421304420223e-01
-1.475653261620976930e-01
-1.486833143505639221e-01
-1.497944100463187433e-01
-1.508986152112812562e-01
-1.519959304149613721e-01
-1.530863548324147838e-01
-1.541698862440655793e-01
-1.552465210374559812e-01
-1.563162542109804432e-01
-1.573790793796583098e-01
-1.584349887829961667e-01
-1.594839732949879518e-01
-1.605260224362971277e-01
-1.615611243886616311e-01
-1.625892660115585142e-01
-1.636104328611611702e-01
-1.646246092116172843e-01
-1.656317780786719651e-01
-1.666319212456552346e-01
-1.676250192918485316e-01
-1.686110516232401657e-01
-1.695899965056739123e-01
-1.705618311003906096e-01
-1.715265315019566528e-01
-1.724840727785678929e-01
-1.734344290147124545e-01
-1.743775733561696850e-01
-1.753134780573173679e-01
-1.762421145307132841e-01
-1.771634533989116800e-01
-1.780774645484694274e-01
-1.789841171860908353e-01
-1.798833798968547393e-01
-1.807752207044613091e-01
-1.816596071334309337e-01
-1.825365062731819088e-01
-1.834058848439080180e-01
-1.842677092641723802e-01
-1.851219457201281893e-01
-1.859685602362725898e-01
-1.868075187476347376e-01
-1.876387871732947965e-01
-1.884623314911262060e-01
-1.892781178136491715e-01
-1.900861124648799971e-01
-1.908862820580567166e-01
-1.916785935741185110e-01
-1.924630144408132071e-01
-1.932395126123045981e-01
-1.940080566491486080e-01
-1.947686157985057953e-01
-1.955211600744551914e-01
-1.962656603382740006e-01
-1.970020883785459365e-01
-1.977304169909607223e-01
-1.984506200576667545e-01
-1.991626726260393443e-01
-1.998665509867270651e-01
-2.005622327508398972e-01
-2.012496969261436952e-01
-2.019289239921275847e-01
-2.025998959738123661e-01
-2.032625965141708346e-01
-2.039170109450330615e-01
-2.045631263563532642e-01
-2.052009316637177228e-01
-2.058304176739775282e-01
-2.064515771488935059e-01
-2.070644048666851200e-01
-2.076688976813798604e-01
-2.082650545798647723e-01
-2.088528767365463445e-01
-2.094323675655311301e-01
-2.100035327702446941e-01
-2.105663803904125053e-01
-2.111209208463325493e-01
-2.116671669803755207e-01
-2.122051340956552234e-01
-2.127348399918178590e-01
-2.132563049979060987e-01
-2.137695520022603324e-01
-2.142746064794263106e-01
-2.147714965140455345e-01
-2.152602528217114619e-01
-2.157409087667819247e-01
-2.162135003771445962e-01
-2.166780663559398912e-01
-2.171346480902521248e-01
-2.175832896567869157e-01
-2.180240378245593968e-01
-2.184569420546244867e-01
-2.188820544968871351e-01
-2.192994299840368422e-01
-2.197091260226569920e-01
-2.201112027815655126e-01
-2.205057230774495891e-01
-2.208927523578626817e-01
-2.212723586816577048e-01
-2.216446126969355834e-01
-2.220095876165932014e-01
-2.223673591915601433e-01
-2.227180056818177101e-01
-2.230616078252982692e-01
-2.233982488047670523e-01
-2.237280142127925087e-01
-2.240509920149145462e-01
-2.243672725111234001e-01
-2.246769482957651498e-01
-2.249801142159921497e-01
-2.252768673288795542e-01
-2.255673068573309792e-01
-2.258515341448985025e-01
-2.261296526096435167e-01
-2.264017676971668835e-01
-2.266679868329373182e-01
-2.269284193740483124e-01
-2.271831765605344111e-01
-2.274323714663778195e-01
-2.276761189503368754e-01
-2.279145356067277806e-01
-2.281477397162904319e-01
-2.283758511972692751e-01
-2.285989915568392428e-01
-2.288172838430058698e-01
-2.290308525971083420e-01
-2.292398238070525729e-01
-2.294443248614005115e-01
-2.296444845044406657e-01
-2.298404327923634083e-01
-2.300323010506629684e-01
-2.302202218328868177e-01
-2.304043288808514667e-01
-2.305847570864421048e-01
-2.307616424551119927e-01
-2.309351220711957919e-01
-2.311053340651497423e-01
-2.312724175828298201e-01
-2.314365127569177061e-01
-2.315977606806029765e-01
-2.317563033836286535e-01
-2.319122838108061413e-01
-2.320658458031044646e-01
-2.322171340814177809e-01
-2.323662942331145842e-01
-2.325134727014713798e-01
-2.326588167780931082e-01
-2.328024745984227095e-01
-2.329445951404421067e-01
-2.330853282266672488e-01
-2.332248245295406031e-01
-2.333632355803251235e-01
-2.335007137816050571e-01
-2.336374124235002792e-01
-2.337734857037029323e-01
-2.339090887514468919e-01
-2.340443776555234667e-01
-2.341795094964594648e-01
-2.343146423829769176e-01
-2.344499354928578638e-01
-2.345855491183412023e-01
-2.347216447161835640e-01
-2.348583849625212328e-01
-2.349959338126752229e-01
-2.351344565660483943e-01
-2.352741199362691216e-01
-2.354150921267441354e-01
-2.355575429117898190e-01
-2.357016437235202322e-01
-2.358475677446785490e-01
-2.359954900076081385e-01
-2.361455874995696258e-01
-2.362980392746208969e-01
-2.364530265722886437e-01
-2.366107329432716178e-01
-2.367713443824293329e-01
-2.369350494693226172e-01
-2.371020395165874539e-01
-2.372725087264378752e-01
-2.374466543556099374e-01
-2.376246768890750427e-01
-2.378067802228683858e-01
-2.379931718563962073e-01
-2.381840630946041315e-01
-2.383796692604099321e-01
-2.385802099178207236e-01
-2.387859091061812211e-01
-2.389969955860159478e-01
-2.392137030969535838e-01
-2.394362706282437414e-01
-2.396649427023995471e-01
-2.398999696725231667e-01
-2.401416080338948655e-01
-2.403901207504303972e-01
-2.406457775966348300e-01
-2.409088555157039846e-01
-2.411796389944473040e-01
-2.414584204557272684e-01
-2.417455006691300590e-01
-2.420411891806003024e-01
-2.423458047617877975e-01
-2.426596758798662268e-01
-2.429831411885915449e-01
-2.433165500413706495e-01
-2.436602630271079706e-01
-2.440146525295862623e-01
-2.443801033111188958e-01
-2.447570131211797839e-01
-2.451457933306747661e-01
-2.455468695924604150e-01
-2.459606825286332343e-01
-2.463876884450315607e-01
-2.468283600732531780e-01
-2.472831873403410208e-01
-2.477526781661199828e-01
-2.482373592879257296e-01
-2.487377771122023795e-01
-2.492544985921151535e-01
-2.497881121299508900e-01
-2.503392285025811126e-01
-2.509084818077545465e-01
-2.514965304283129366e-01
-2.521040580107109519e-01
-2.527317744532287525e-01
-2.533804168983441740e-01
-2.540507507224342154e-01
-2.547435705145832952e-01
-2.554597010346201791e-01
-2.561999981385894021e-01
-2.569653496576398410e-01
-2.577566762137437628e-01
-2.585749319526896572e-01
-2.594211051713702920e-01
-2.602962188124480214e-01
-2.612013307949561103e-01
-2.621375341442088724e-01
-2.631059568784624991e-01
-2.641077616030012565e-01
-2.651441447546200036e-01
-2.662163354307332530e-01
-2.673255937274502947e-01
-2.684732084998079915e-01
-2.696604944448361407e-01
-2.708887883941443198e-01
-2.721594446871733464e-01
-2.734738294790928781e-01
-2.748333138184806956e-01
-2.762392653095154804e-01
-2.776930381513925128e-01
-2.791959613243916172e-01
-2.807493246677239540e-01
-2.823543625695162373e-01
-2.840122349647934419e-01
-2.857240053141375524e-01
-2.874906152152311156e-01
-2.893128552835960710e-01
-2.911913319298961023e-01
-2.931264296622190790e-01
-2.951182685565568176e-01
-2.971666565718389386e-01
-2.992710364428378678e-01
-3.014304269714332962e-01
-3.036433586613608848e-01
-3.059078038116462839e-01
-3.082211014078113376e-01
-3.105798774359206371e-01
-3.129799616000222828e-01
-3.154163018539999364e-01
-3.178828786663701611e-01
-3.203726215180044967e-01
-3.228773307776191537e-01
-3.253876087878692092e-01
-3.278928046935037366e-01
-3.303809782054677457e-01
-3.328388880586745646e-01
-3.352520113086763232e-01
-3.376045997330064385e-01
-3.398797793585623395e-01
-3.420596984307422983e-01
-3.441257278914128803e-01
-3.460587165900736450e-01
-3.478393010132452834e-01
-3.494482663442095571e-01
-3.508669523002743706e-01
-3.520776936620295117e-01
-3.530642820077922184e-01
-3.538124322479529460e-01
-3.543102354841108359e-01
-3.545485788280819395e-01
-3.545215133492377602e-01
-3.542265533816469913e-01
-3.536648939520532497e-01
-3.528415378447749551e-01
-3.517653294017263343e-01
-3.504488980570084622e-01
-3.489085202758907545e-01
-3.471639134896165602e-01
-3.452379793714080436e-01
-3.431565161121163388e-01
-3.409479201174635543e-01
-3.386428968074474688e-01
-3.362741981131736058e-01
-3.338764010591437348e-01
-3.314857377082486845e-01
-3.291399818822605683e-01
-3.268783924714165900e-01
-3.247417066452134571e-01
-3.227721684659349277e-01
-3.210135685907106184e-01
-3.195112578956181282e-01
-3.183120805697979838e-01
-3.174641487684273788e-01
-3.170163493486181094e-01
-3.170174318561898019e-01
-3.175144753516629947e-01
-3.185504727236073141e-01
-3.201607147399642694e-01
-3.223676253596927666e-01
-3.251737399454293076e-01
-3.285527057909876092e-01
-3.324386313941707360e-01
-3.367149431593718933e-01
-3.412051928620780106e-01
-3.456698486732801556e-01
-3.498144124001970612e-01
-3.533140774597339773e-01
-3.558571334776678974e-01
-3.572027632127665608e-01
-3.572404023337161783e-01
-3.560319308402339900e-01
-3.538197358289346672e-01
-3.509943837159560931e-01
-3.480301721256779945e-01
-3.454069120765945744e-01
-3.435369765343065374e-01
-3.427097327545366445e-01
-3.430568851279306442e-01
-3.445370830226074377e-01
-3.469378924401232411e-01
-3.498961325729218474e-01
-3.529402242597032280e-01
-3.555570900051900352e-01
-3.572794111189100397e-01
-3.577783858256705640e-01
-3.569384617320827124e-01
-3.548910024096287863e-01
-3.519959366404945555e-01
-3.487782734085708714e-01
-3.458394825234425429e-01
-3.437653015664245415e-01
-3.430429889782199981e-01
-3.439896806106475524e-01
-3.466870889882250895e-01
-3.509215881492120936e-01
-3.561447988492320582e-01
-3.614939236457592187e-01
-3.659254045493444685e-01
-3.684871493657631558e-01
-3.686645313171353910e-01
-3.666330887016222562e-01
-3.632494836319304365e-01
-3.597574617283587073e-01
-3.573564086138812934e-01
-3.568226554940339135e-01
-3.582917065130554191e-01
-3.612239079622877602e-01
-3.645535830489577411e-01
-3.670195436356143981e-01
-3.676195649890551254e-01
-3.660261256228107829e-01
-3.627562114088253020e-01
-3.589994513163674572e-01
-3.562009127394095698e-01
-3.555898051230354517e-01
-3.577887794866113080e-01
-3.625485695708733358e-01
-3.686591204471853511e-01
-3.741856301293667864e-01
-3.771790743942470825e-01
-3.766853125539722513e-01
-3.733945990224546985e-01
-3.693252991577449240e-01
-3.667109060183482150e-01
-3.668532283104589675e-01
-3.695266556635276589e-01
-3.731023935319520146e-01
-3.753680268941450571e-01
-3.747816090504662023e-01
-3.714712739134859443e-01
-3.672505462609814697e-01
-3.646328540303364618e-01
-3.655236341269852418e-01
-3.702171806966436662e-01
-3.770000527977193094e-01
-3.827002266538213071e-01
-3.844494248004415304e-01
-3.818098806355283981e-01
-3.772663443314253628e-01
-3.743407404664947369e-01
-3.750285485295082877e-01
-3.784982732384886139e-01
-3.817185305666249140e-01
-3.817302200728526218e-01
-3.781302399768505240e-01
-3.735926367915451407e-01
-3.718920143090370667e-01
-3.751715048326947910e-01
-3.822349766306022412e-01
-3.888423729833725417e-01
-3.906420192883036102e-01
-3.871478970503001715e-01
-3.823792139581015936e-01
-3.809330759000564282e-01
-3.837724828153948331e-01
-3.875183512618783355e-01
-3.877303220864873889e-01
-3.835772459008356949e-01
-3.790350406213167100e-01
-3.791375603309783404e-01
-3.852341601829993301e-01
-3.931906719628636138e-01
-3.965290353702519699e-01
-3.931863175583784620e-01
-3.880924593110134380e-01
-3.872614382038063741e-01
-3.909905010886453036e-01
-3.938213171869741069e-01
-3.912645878159922708e-01
-3.858634600143765470e-01
-3.845317731760836133e-01
-3.905183785483985481e-01
-3.990700596893279606e-01
-4.018247357626106298e-01
-3.972270462514975176e-01
-3.927423265060080437e-01
-3.942999479004740127e-01
-3.985265578801970299e-01
-3.979068521074667353e-01
-3.922596330390252239e-01
-3.898332349020933729e-01
-3.959479881731882700e-01
-4.049757602400103629e-01
-4.066084047122089928e-01
-4.008763362594741086e-01
-3.979550638221976966e-01
-4.016882970793647645e-01
-4.041565547720331053e-01
-3.994882560956734552e-01
-3.949325115223563110e-01
-3.996716464456728790e-01
-4.095452027897996672e-01
-4.117062522819101567e-01
-4.055496085324977185e-01
-4.034022670253448739e-01
-4.078992095330988832e-01
-4.082739461251595481e-01
-4.019313372771710080e-01
-4.010899128256173451e-01
-4.106260232040486735e-01
-4.173331915442456963e-01
-4.124459749263691410e-01
-4.081900905406853908e-01
-4.123008156531226542e-01
-4.134048578036678134e-01
-4.067700899347165278e-01
-4.066457427286268023e-01
-4.173989837275527970e-01
-4.220422350845189907e-01
-4.153627472204181048e-01
-4.140690001661710973e-01
-4.188963583030803073e-01
-4.152234868348946284e-01
-4.099603959472551407e-01
-4.180950958142028440e-01
-4.272376252659754736e-01
-4.220873057347846458e-01
-4.184821894315163826e-01
-4.235368690391969060e-01
-4.204836091132789222e-01
-4.149018496485680774e-01
-4.240679855955841182e-01
-4.323362185869739638e-01
-4.255775300145498430e-01
-4.244833319497692825e-01
-4.289259380541402544e-01
-4.223252351597160392e-01
-4.220497765299082715e-01
-4.350283993692197204e-01
-4.346422633586721762e-01
-4.282522544766733108e-01
-4.332750854999260492e-01
-4.299398834686748994e-01
-4.252847570312529024e-01
-4.378826958330825914e-01
-4.409365066307899816e-01
-4.333827229655830560e-01
-4.381761091017443155e-01
-4.348513296279817864e-01
-4.306877640857930678e-01
-4.445295821395658376e-01
-4.447196189761749574e-01
-4.386910803656497437e-01
-4.441479199818784140e-01
-4.369671818660311180e-01
-4.397238613510437433e-01
-4.530014961922643746e-01
-4.455330862890495847e-01
-4.468680477728235734e-01
-4.468686208897807988e-01
-4.405253722931723459e-01
-4.553761403124054752e-01
-4.542976486870615727e-01
-4.501538886128205186e-01
-4.541054052007910125e-01
-4.453576544734528797e-01
-4.584814265527089039e-01
-4.610856125025672991e-01
-4.552137820532417556e-01
-4.597284612728835818e-01
-4.507359069653652517e-01
-4.650845540260526989e-01
-4.655491252533235924e-01
-4.617273772385621089e-01
-4.639332489662963965e-01
-4.571292091998231388e-01
-4.744992061574951903e-01
-4.676897796995616585e-01
-4.703530482341281016e-01
-4.649594859845805894e-01
-4.694010419903349995e-01
-4.805122744048220818e-01
-4.720024298824093689e-01
-4.766860043631956367e-01
-4.682097033444567735e-01
-4.868678915173823563e-01
-4.785855288570828869e-01
-4.834041060726617656e-01
-4.740517126218025679e-01
-4.888619346211994787e-01
-4.874645793240925395e-01
-4.882698107656064934e-01
-4.817405656162356276e-01
-4.922668688243491131e-01
-4.952876214286782153e-01
-4.941239391446407003e-01
-4.883455738546249592e-01
-4.991319091208280545e-01
-5.011355711548317604e-01
-5.015599985314371789e-01
-4.933718637512167771e-01
-5.095933455037588988e-01
-5.050452131402652922e-01
-5.096756455541551212e-01
-4.988756286382328708e-01
-5.208983409702760969e-01
-5.099472641351374680e-01
-5.142554715703248069e-01
-5.120173074662593971e-01
-5.250186318204150826e-01
-5.217020179201252716e-01
-5.134109190051852067e-01
-5.339708462158718749e-01
-5.242196982161382302e-01
-5.291822461576776160e-01
-5.277706284763703515e-01
-5.379801486216572171e-01
-5.386723371465115262e-01
-5.272997666215417656e-01
-5.516780113889697690e-01
-5.422316796341323242e-01
-5.363969636443524092e-01
-5.586228974735757413e-01
-5.473289198583262127e-01
-5.481713540251285099e-01
-5.627640517388392549e-01
-5.550844109696253525e-01
-5.588282741862369285e-01
-5.686260918340169113e-01
-5.635511256481811060e-01
-5.677132953087173917e-01
-5.780681858928532479e-01
-5.716748771549088337e-01
-5.744534928608310276e-01
-5.911967029904653392e-01
-5.805928135548863445e-01
-5.785371754421034796e-01
-6.051455918540437073e-01
-5.937655001751104278e-01
-5.834961401052981556e-01
-6.120421504401457602e-01
-6.102547456074993715e-01
-6.024420806276725715e-01
-6.098706445724929592e-01
-6.139024363312961530e-01
-6.353361131989615496e-01
-6.229722393303105399e-01
-6.117142356318313601e-01
-6.376504459201672859e-01
-6.413687501058781271e-01
-6.547270885185539901e-01
-6.424366144604443107e-01
-6.311549010288889372e-01
-6.556112730374379360e-01
-6.599859216406430695e-01
-6.877082267074849931e-01
-6.781148617077120688e-01
-6.704825159684867364e-01
-6.670811261970741590e-01
-6.592890015419604621e-01
-6.887910477107402896e-01
-6.929254845351111580e-01
-7.312772197612629199e-01
-7.312043244432608891e-01
-7.530930351577652671e-01
-7.428284236078013247e-01
-7.449353331558110636e-01
-7.309933356913079772e-01
-7.219565499577679235e-01
-7.110459040819727683e-01
-6.984020674579918264e-01
-6.919932938954354018e-01
-6.789477941953054874e-01
-6.748292361226916336e-01
-6.619968927604581443e-01
-6.567555765401814627e-01
-6.444284862651551427e-01
-6.355044461870937855e-01
-6.257506839137304544e-01
-6.136290741571057694e-01
-6.119100447810390531e-01
-6.015068656594677599e-01
-6.161386242269312197e-01
-6.147038013436877391e-01
-6.513398868272542996e-01
-6.603190067300246380e-01
-7.074515212365908301e-01
-7.093570445669110658e-01
-7.230041899441497222e-01
-7.060607901695804545e-01
-6.896422674022352206e-01
-7.144264629173504577e-01
-7.271932452921535672e-01
-7.811138582865033708e-01
-7.698212939822695056e-01
-7.498493565962963681e-01
-7.711407047100189427e-01
-7.920463327843935142e-01
-8.359235306489014583e-01
-8.089854253270657436e-01
-8.029270524991307667e-01
-8.805139398933525818e-01
-8.618725591464151403e-01
-8.369421741577669493e-01
-9.224388187190545318e-01
-9.029514413962569375e-01
-8.813972530017617490e-01
-9.785721877235290522e-01
-9.326202550283616555e-01
-9.652930283485878782e-01
-9.891848517341633729e-01
-1.017311649524866191e+00
-1.038479027482690942e+00
-1.009545645587708318e+00
-1.094332058538032726e+00
-1.108168491170417935e+00
-1.106059705541642790e+00
-1.147310874319175555e+00
-1.093357541208439976e+00
-1.269675386664915528e+00
-1.230231932953822493e+00
-1.190130610342269080e+00
-1.323083376143322054e+00
-1.279944494190936588e+00
-1.192372546855226645e+00
-1.336182643107131307e+00
-1.579260085333282770e+00
-1.675345270943953135e+00
-1.598825405660182719e+00
-1.449283040816613521e+00
-1.303026083098894450e+00
-1.191810477147309033e+00
-1.120131169671488847e+00
-1.081079806909015062e+00
-1.064790028825571611e+00
-1.061628261870485312e+00
-1.062869498940490764e+00
-1.060654597288746004e+00
-1.048295373954435394e+00
-1.021301733697774994e+00
-9.787251030668795426e-01
-9.238868324984181868e-01
-8.637468725995192109e-01
-8.070994330616868551e-01
-7.626634732455933596e-01
-7.380253336923824348e-01
-7.393637600753727446e-01
-7.705754373601025886e-01
-8.290571381797043893e-01
-8.963415046298948141e-01
-9.349270026116072163e-01
-9.194328795902453333e-01
-8.765720600376065708e-01
-8.574479836569440794e-01
-8.818782685864119397e-01
-9.189969849732085860e-01
-9.174712041168102683e-01
-8.817770230017181188e-01
-8.704216749647757378e-01
-9.075409202470358094e-01
-9.419613028824995737e-01
-9.224698518031151373e-01
-8.998684217982018119e-01
-9.210003443914853705e-01
-9.337760318074428412e-01
-9.066538896846265683e-01
-9.066195270821936214e-01
-9.408354516402517298e-01
-9.341456834460836189e-01
-9.150375850013531265e-01
-9.342582830881233091e-01
-9.293121239839295944e-01
-9.119412788043912421e-01
-9.367375071576174994e-01
-9.370002321597535877e-01
-9.205566630781991666e-01
-9.366144288727256129e-01
-9.236483261877845852e-01
-9.213409639283939301e-01
-9.405549643263394488e-01
-9.230506590567567615e-01
-9.300825772437611993e-01
-9.270121290268032999e-01
-9.183492042356289353e-01
-9.357399893523482559e-01
-9.205878459814350601e-01
-9.275074665415073971e-01
-9.204410021331169700e-01
-9.192197036280306266e-01
-9.283280999187807359e-01
-9.155970098063047624e-01
-9.241271367417335236e-01
-9.107146110412418505e-01
-9.226524478183990574e-01
-9.137068965862881198e-01
-9.165694149641235855e-01
-9.099817977624207188e-01
-9.121445285358606991e-01
-9.124129527396578343e-01
-9.081853214707188426e-01
-9.075357377965321826e-01
-9.040225605693364974e-01
-9.079799480740601281e-01
-9.015034465573410483e-01
-9.023048059581552094e-01
-8.979311901070885504e-01
-9.013853088525596302e-01
-8.958435053418777327e-01
-8.951910090978838497e-01
-8.930727155414056595e-01
-8.932611212714046678e-01
-8.909368301045574867e-01
-8.867302970895242220e-01
-8.890276721904832868e-01
-8.841195149635775463e-01
-8.860513144906048133e-01
-8.783367731333706629e-01
-8.840451927770152096e-01
-8.761575362695372959e-01
-8.788063940952830499e-01
-8.729868365115123208e-01
-8.752677583035036735e-01
-8.717696410416834185e-01
-8.682942317729347437e-01
-8.704218076994565401e-01
-8.646125819980586824e-01
-8.669173383425402557e-01
-8.605092191605968610e-01
-8.633081289908245415e-01
-8.593443683567413283e-01
-8.563798382565085410e-01
-8.581531089110499000e-01
-8.524538452788223974e-01
-8.542840608157550308e-01
-8.493977346192075339e-01
-8.497736176330594748e-01
-8.483961002646174254e-01
-8.433945567660515730e-01
-8.463629143465692950e-01
-8.409458393056422620e-01
-8.404088991470245462e-01
-8.398379975111893714e-01
-8.356269021912958728e-01
-8.369546150370958948e-01
-8.324607920305139297e-01
-8.322356754186536199e-01
-8.314890741737758217e-01
-8.265812874219887751e-01
-8.286591521143651384e-01
-8.250110043358661605e-01
-8.223635427002058407e-01
-8.237868588008993020e-01
-8.189758562833601152e-01
-8.187444418570744009e-01
-8.179144682948532585e-01
-8.139556592668165669e-01
-8.148066853780563390e-01
-8.118388424790060620e-01
-8.097049854725036910e-01
-8.102486432017186324e-01
-8.061323178233308351e-01
-8.057345172981688064e-01
-8.052124818883098500e-01
-8.009701657638768069e-01
-8.016915547022309685e-01
-7.999798812553530203e-01
-7.962691234821260844e-01
-7.974422380091770179e-01
-7.947814428331961834e-01
-7.918634348938455858e-01
-7.930035115902601683e-01
-7.897414543478109561e-01
-7.876078903365396622e-01
-7.884545474752108207e-01
-7.848972619021029606e-01
-7.834100198053257635e-01
-7.838789702951833860e-01
-7.802378173076800483e-01
-7.792248254506748406e-01
-7.793404375972410314e-01
-7.757346401756068932e-01
-7.750382687484901334e-01
-7.748787009547335458e-01
-7.713594297595569582e-01
-7.708522142759878237e-01
-7.705141917310804889e-01
-7.670913699930188567e-01
-7.666745186581783722e-01
-7.662541832954040677e-01
-7.629186143884033600e-01
-7.625139193355634504e-01
-7.620976878589933445e-01
-7.588371946857429551e-01
-7.583782705719447348e-01
-7.580385367494724136e-01
-7.548490651564317977e-01
-7.542747717196370827e-01
-7.540670566368722350e-01
-7.509599396272724769e-01
-7.502112091838151198e-01
-7.501710181124064958e-01
-7.471770492185482171e-01
-7.461975299484738811e-01
-7.463364978002089423e-01
-7.435067986335064383e-01
-7.422472158508525153e-01
-7.425491400196414515e-01
-7.399523789194106804e-01
-7.383779907992297220e-01
-7.387960810898170916e-01
-7.365115874345694591e-01
-7.346114592455832426e-01
-7.350685188637323675e-01
-7.331753084812362431e-01
-7.309714245058661630e-01
-7.313645949643368116e-01
-7.299272194576850170e-01
-7.274809108936949320e-01
-7.276919677458294489e-01
-7.267452168389741951e-01
-7.241582933352557205e-01
-7.240692835178350606e-01
-7.236047544707787660e-01
-7.210133325720157194e-01
-7.205257984189289422e-01
-7.204837831425765504e-01
-7.180441824562613373e-01
-7.170987175294534222e-01
-7.173684042449057774e-01
-7.152364334395003853e-01
-7.138283709323757220e-01
-7.142579086606545280e-01
-7.125649012670587368e-01
-7.107520067280729270e-01
-7.111677773905430433e-01
-7.099982019232730091e-01
-7.078975393306251584e-01
-7.081295882919826923e-01
-7.075053497837944239e-01
-7.052788265497976772e-01
-7.051875435922729807e-01
-7.050629407298517615e-01
-7.028938170116822981e-01
-7.023922698162342604e-01
-7.026611891683481881e-01
-7.007262213110744264e-01
-6.997933251749076655e-01
-7.003073118944093123e-01
-6.987504056439756139e-01
-6.974322088225933802e-01
-6.980254427553261865e-01
-6.969382984190657382e-01
-6.953374867400547998e-01
-6.958531963343135285e-01
-6.952665537398946549e-01
-6.935230043862067317e-01
-6.938358639591092336e-01
-6.937222166047869454e-01
-6.919892719611597798e-01
-6.920197445242469714e-01
-6.923056616992435686e-01
-6.907272750456771027e-01
-6.904461498539605779e-01
-6.910304157041621265e-01
-6.897234332684260005e-01
-6.891472223347278048e-01
-6.899203117760330795e-01
-6.889643271179533013e-01
-6.881440446381443810e-01
-6.890049921360459351e-01
-6.884401020223557266e-01
-6.874468455948173906e-01
-6.883149394083639683e-01
-6.881459785158902109e-01
-6.870566145757712739e-01
-6.878770157049675094e-01
-6.880818442553843228e-01
-6.869672338109530374e-01
-6.877110742347714023e-01
-6.882503150864257568e-01
-6.871673171780348088e-01
-6.878277670570386304e-01
-6.886538539012208027e-01
-6.876412161638281173e-01
-6.882273486677081831e-01
-6.892915435967490456e-01
-6.883690005645959342e-01
-6.888991368980872387e-01
-6.901559992253337716e-01
-6.893255450759923075e-01
-6.898213368680764512e-01
-6.912307663524132062e-01
-6.904791023232605962e-01
-6.909611101027810509e-01
-6.924884602452631155e-01
-6.917899119397847851e-01
-6.922750079577623117e-01
-6.938898860659503676e-01
-6.932094984627972245e-01
-6.937101092486590570e-01
-6.953844300099661924e-01
-6.946813508705643736e-01
-6.952063281525622251e-01
-6.969120709065361741e-01
-6.961436192652580290e-01
-6.967003131560258744e-01
-6.984073491010449608e-01
-6.975342347390390829e-01
-6.981310826011620785e-01
-6.998054564654929699e-01
-6.987983747924977340e-01
-6.994470381018423888e-01
-7.010502183371201124e-01
-6.998974450436491468e-01
-7.006133751931473697e-01
-7.021031397582678801e-01
-7.008178768290586058e-01
-7.016184082754644002e-01
-7.029520177800471226e-01
-7.015774013915092588e-01
-7.024772309025626438e-01
-7.036171377594395704e-01
-7.022265051058294016e-01
-7.032316093120997147e-01
-7.041530869790542102e-01
-7.028437743352052847e-01
-7.039459444983519054e-01
-7.046449379252301970e-01
-7.035256161416661991e-01
-7.047001527198707427e-01
-7.051988934069793880e-01
-7.043726934737186696e-01
-7.055809721567990467e-01
-7.059290213883927523e-01
-7.054764705124833002e-01
-7.066732935379402836e-01
-7.069428376228724664e-01
-7.069090209886551568e-01
-7.080527435628893862e-01
-7.083287561461169002e-01
-7.087178907762935465e-01
-7.097802092767258042e-01
-7.101477472342691000e-01
-7.109260443967920784e-01
-7.118985256171197484e-01
-7.124302482008272319e-01
-7.135355458760075376e-01
-7.144312483042938311e-01
-7.151779897530515795e-01
-7.165330539075981386e-01
-7.173832663333944426e-01
-7.183693858621089667e-01
-7.198954087400126767e-01
-7.207429047469660066e-01
-7.219667066071128181e-01
-7.235942184869014193e-01
-7.244850912419585898e-01
-7.259233743259186911e-01
-7.275990426548361034e-01
-7.285751120210759435e-01
-7.301901939702194477e-01
-7.318792790761891043e-01
-7.329724830372833511e-01
-7.347199103010849663e-01
-7.364051130226746400e-01
-7.376345234822021535e-01
-7.394699928859514992e-01
-7.411479268365159800e-01
-7.425193296750035588e-01
-7.444038913485743203e-01
-7.460804836361176751e-01
-7.475879839341602606e-01
-7.494911662864840451e-01
-7.511770725360271683e-01
-7.528059649633958017e-01
-7.547069236288592720e-01
-7.564136897545673532e-01
-7.581438308721857311e-01
-7.600309166628295143e-01
-7.617682540247634471e-01
-7.635773121118141216e-01
-7.654465799625892464e-01
-7.672208180962422075e-01
-7.690869795156708433e-01
-7.709401576367791442e-01
-7.727537316433759074e-01
-7.746576499028350327e-01
-7.765000036933769056e-01
-7.783517221816401710e-01
-7.802776689685644307e-01
-7.821160718523179067e-01
-7.840018787903451081e-01
-7.859381786842518647e-01
-7.877795751747598274e-01
-7.896935411264410787e-01
-7.916324421442607617e-01
-7.934827780154958266e-01
-7.954181094582122302e-01
-7.973552679085349482e-01
-7.992188784804250545e-01
-8.011687990019693562e-01
-8.031025510623099883e-01
-8.049819435750625862e-01
-8.069403641445286324e-01
-8.088709302355038266e-01
-8.107668673915461310e-01
-8.127288164343769994e-01
-8.146575482853023464e-01
-8.165693320382437781e-01
-8.185311559956053307e-01
-8.204598982026107823e-01
-8.223857597086234872e-01
-8.243451305944721197e-01
-8.262757337792455692e-01
-8.282132513341503577e-01
-8.301690310049374411e-01
-8.321030254090931999e-01
-8.340495123204710870e-01
-8.360015262795937874e-01
-8.379399439903619795e-01
-8.398927689861783730e-01
-8.418415384380638633e-01
-8.437848593610515202e-01
-8.457416807983170193e-01
-8.476881530986269953e-01
-8.496363433764814177e-01
-8.515952537176610937e-01
-8.535405606906165676e-01
-8.554931711766070590e-01
-8.574527593315013352e-01
-8.593980219735898318e-01
-8.613543171208795091e-01
-8.633136633241860203e-01
-8.652598514713629729e-01
-8.672189441604666316e-01
-8.691775655113491705e-01
-8.711254128981454903e-01
-8.730863870480822797e-01
-8.750441523625603901e-01
-8.769941215071489493e-01
-8.789561308030726661e-01
-8.809131618060282998e-01
-8.828654493475668330e-01
-8.848277863463813731e-01
-8.867843592310719059e-01
-8.887389305238462267e-01
-8.907010653104145970e-01
-8.926575230106359449e-01
-8.946141645980395518e-01
-8.965757558306534092e-01
-8.985324375496483995e-01
-9.004908171842982423e-01
-9.024517007491572596e-01
-9.044088917915037440e-01
-9.063686175100487130e-01
-9.083287791994166804e-01
-9.102866812348739955e-01
-9.122473532449877354e-01
-9.142068920723602776e-01
-9.161656117703844693e-01
-9.181268632327733714e-01
-9.200859514390824501e-01
-9.220455039860204760e-01
-9.240070289229448397e-01
-9.259658736616651620e-01
-9.279261969616606764e-01
-9.298877653236871099e-01
-9.318465756765309527e-01
-9.338075509359400339e-01
-9.357690122155933876e-01
-9.377279737880237498e-01
-9.396894485522423457e-01
-9.416507262187168159e-01
-9.436099842554991346e-01
-9.455717946552628650e-01
-9.475328741230762963e-01
-9.494925249800126865e-01
-9.514545148054682766e-01
-9.534154277042706793e-01
-9.553755176775581281e-01
-9.573375528046660365e-01
-9.592983600724283022e-01
-9.612588900443327367e-01
-9.632208675871563042e-01
-9.651816434590642091e-01
-9.671425775562636495e-01
-9.691044298376290111e-01
-9.710652482407580166e-01
-9.730265246831643067e-01
-9.749882186617940816e-01
-9.769491429334162813e-01
-9.789106854241088618e-01
-9.808722185723424136e-01
-9.828332948642077849e-01
-9.847950231756656958e-01
-9.867564169743761049e-01
-9.887176712346541496e-01
-9.906795100232393958e-01
-9.926408022524483288e-01
-9.946022403203553797e-01
-9.965641255963046952e-01
-9.985253624850960463e-01
-1.000486972602057101e+00
-1.002448855652138926e+00
-1.004410084748846632e+00
-1.006371841680925305e+00
-1.008333690553366413e+00
-1.010294954926097777e+00
-1.012256824890549689e+00
-1.014218623787247253e+00
-1.016179957901486741e+00
-1.018141903573288598e+00
-1.020103650644873738e+00
-1.022065078018809414e+00
-1.024027063034723906e+00
-1.025988767141947866e+00
-1.027950299673034529e+00
-1.029912292224561154e+00
-1.031873969224763377e+00
-1.033835607926279154e+00
-1.035797583214334461e+00
-1.037759252269627508e+00
-1.039720989059017109e+00
-1.041682930552137343e+00
-1.043644610854327137e+00
-1.045606430994472813e+00
-1.047568330573852124e+00
-1.049530038758291095e+00
-1.051491923561657549e+00
-1.053453780741217427e+00
-1.055415529134571706e+00
-1.057377458587916097e+00
-1.059339279062181616e+00
-1.061301074791436871e+00
-1.063263029833054985e+00
-1.065224823631004458e+00
-1.067186668523244730e+00
-1.069148632792832565e+00
-1.071110412306958581e+00
-1.073072303437807795e+00
-1.075034264409255202e+00
-1.076996042533272524e+00
-1.078957973238855228e+00
-1.080919922728954319e+00
-1.082881711283673942e+00
-1.084843672435603201e+00
-1.086805606549625214e+00
-1.088767415113457648e+00
-1.090729396465123902e+00
-1.092691315089181048e+00
-1.094653150285796128e+00
-1.096615141725749698e+00
-1.098577047704242027e+00
-1.100538912941906755e+00
-1.102500905530080733e+00
-1.104462803675128280e+00
-1.106424699285164071e+00
-1.108386685993659970e+00
-1.110348582064926370e+00
-1.112310505753524970e+00
-1.114272481879773791e+00
-1.116234381651456165e+00
-1.118196329160776825e+00
-1.120158292422253066e+00
-1.122120200923825584e+00
-1.124082166794177384e+00
-1.126044117146970835e+00
-1.128006038130212163e+00
-1.129968016463144265e+00
-1.131929955709546798e+00
-1.133891891360680804e+00
-1.135853876500038551e+00
-1.137815807762256437e+00
-1.139777758648175876e+00
-1.141739745719238197e+00
-1.143701672858004059e+00
-1.145663638072004220e+00
-1.147625623344292967e+00
-1.149587550394106428e+00
-1.151549527850725507e+00
-1.153511508914893957e+00
-1.155473439594068008e+00
-1.157435426414876067e+00
-1.159397402185735393e+00
-1.161359339521897072e+00
-1.163321332453864931e+00
-1.165283303028365580e+00
-1.167245249121049655e+00
-1.169207244935221546e+00
-1.171169211345096439e+00
-1.173131167268848030e+00
-1.175093163097755466e+00
-1.177055127001390478e+00
-1.179017092837142844e+00
-1.180979086422835556e+00
-1.182941049780220633e+00
-1.184903024750886269e+00
-1.186865014589758349e+00
-1.188826979359080660e+00
-1.190788962037920395e+00
-1.192750947422005714e+00
-1.194712915307857726e+00
-1.196674903865350803e+00
-1.198636884831156602e+00
-1.200598857103906125e+00
-1.202560849560114997e+00
-1.204522826764462762e+00
-1.206484804159448698e+00
-1.208446798613471040e+00
-1.210408773160811746e+00
-1.212370755855931348e+00
-1.214332750670963135e+00
-1.216294723918204923e+00
-1.218256711580094631e+00
-1.220218705510779156e+00
-1.222180678874196014e+00
-1.224142670757196960e+00
-1.226104663014260687e+00
-1.228066637799140048e+00
-1.230028632877871564e+00
-1.231990623132634299e+00
-1.233952600400781696e+00
-1.235914597516363456e+00
-1.237876585853857625e+00
-1.239838566337722714e+00
-1.241800564339192059e+00
-1.243762551172900910e+00
-1.245724535238747599e+00
-1.247686533104499285e+00
-1.249648519067950270e+00
-1.251610506724816663e+00
-1.253572503653332948e+00
-1.255534489484027461e+00
-1.257496480430739805e+00
-1.259458475894831730e+00
-1.261420462324524649e+00
-1.263382456024030764e+00
-1.265344449787669356e+00
-1.267306437450242962e+00
-1.269268433219130410e+00
-1.271230425320191593e+00
-1.273192414684781504e+00
-1.275154411785958342e+00
-1.277116402491488056e+00
-1.279078393824627735e+00
-1.281040391552537683e+00
-1.283002381295228922e+00
-1.284964374652036501e+00
-1.286926372402123819e+00
-1.288888361707545727e+00
-1.290850356948767486e+00
-1.292812354265813202e+00
-1.294774343679620854e+00
-1.296736340508948926e+00
-1.298698337111977796e+00
-1.300660327135060523e+00
-1.302622325149683347e+00
-1.304584320934028430e+00
-1.306546311971592100e+00
-1.308508310718458301e+00
-1.310470305737992947e+00
-1.312432298066231517e+00
-1.314394297096917574e+00
-1.316356291531221467e+00
-1.318318285282812807e+00
-1.320280284201013510e+00
-1.322242278313227049e+00
-1.324204273480666494e+00
-1.326166271977957001e+00
-1.328128266069311447e+00
-1.330090262523283329e+00
-1.332052260400686583e+00
-1.334014254767235341e+00
-1.335976252285958177e+00
-1.337938249460752793e+00
-1.339900244356835524e+00
-1.341862242661665094e+00
-1.343824239160572143e+00
-1.345786234772179846e+00
-1.347748233564706410e+00
-1.349710229505953540e+00
-1.351672225935643734e+00
-1.353634224931988372e+00
-1.355596220499649673e+00
-1.357558217763157549e+00
-1.359520216722059249e+00
-1.361482212136478909e+00
-1.363444210169856508e+00
-1.365406208912272712e+00
-1.367368204400326581e+00
-1.369330203075423524e+00
-1.371292201494600516e+00
-1.373254197263080290e+00
-1.375216196408541425e+00
-1.377178194470702000e+00
-1.379140190685349543e+00
-1.381102190110055306e+00
-1.383064187846861914e+00
-1.385026184618636469e+00
-1.386988184134634983e+00
-1.388950181629346359e+00
-1.390912179008510607e+00
-1.392874178450921763e+00
-1.394836175820610036e+00
-1.396798173798294629e+00
-1.398760173040322519e+00
-1.400722170416647039e+00
-1.402684168932766706e+00
-1.404646167894731956e+00
-1.406608165405609734e+00
-1.408570164361455213e+00
-1.410532163013558771e+00
-1.412494160767671758e+00
-1.414456160041194455e+00
-1.416418158400457150e+00
-1.418380156475978371e+00
-1.420342155937737605e+00
-1.422304154060150205e+00
-1.424266152498426807e+00
-1.426228152026350671e+00
-1.428190149995674396e+00
-1.430152148799961775e+00
-1.432114148291433686e+00
-1.434076146206288538e+00
-1.436038145345057249e+00
-1.438000144725318563e+00
-1.439962142686191271e+00
-1.441924142100073913e+00
-1.443886141326466976e+00
-1.445848139424078305e+00
-1.447810139035234034e+00
-1.449772138097327634e+00
-1.451734136403484143e+00
-1.453696136126033434e+00
-1.455658135042124268e+00
-1.457620133603765522e+00
-1.459582133353991118e+00
-1.461544132164816823e+00
-1.463506131001535593e+00
-1.465468130706726324e+00
-1.467430129467434119e+00
-1.469392128572327927e+00
-1.471354128177425391e+00
-1.473316126948909233e+00
-1.475278126292275616e+00
-1.477240125763826573e+00
-1.479202124604482638e+00
-1.481164124139607186e+00
-1.483126123466884883e+00
-1.485088122425663126e+00
-1.487050122095813443e+00
-1.489012121289299273e+00
-1.490974120400680780e+00
-1.492936120146385104e+00
-1.494898119234076006e+00
-1.496860118515318083e+00
-1.498822118281087024e+00
-1.500784117303282983e+00
-1.502746116753977068e+00
-1.504708116493784553e+00
-1.506670115497104279e+00
-1.508632115100831950e+00
-1.510594114781891983e+00
-1.512556113813266156e+00
-1.514518113540926025e+00
-1.516480113145539654e+00
-1.518442112246850551e+00
-1.520404112061090052e+00
-1.522366111586583415e+00
-1.524328110790471591e+00
-1.526290110650599274e+00
-1.528252110107578776e+00
-1.530214109434751002e+00
-1.532176109301519595e+00
-1.534138108710836113e+00
-1.536100108169003997e+00
-1.538062108008739548e+00
-1.540024107397648834e+00
-1.541986106982033533e+00
-1.543948106769714057e+00
-1.545910106167758480e+00
-1.547872105862929004e+00
-1.549834105583979049e+00
-1.551796105019086713e+00
-1.553758104801778783e+00
-1.555720104452515518e+00
-1.557682103947731989e+00
-1.559644103790224889e+00
-1.561606103377047861e+00
-1.563568102948201144e+00
-1.565530102821812264e+00
-1.567492102359360429e+00
-1.569454102013818186e+00
-1.571416101892114225e+00
-1.573378101400705553e+00
-1.575340101137247872e+00
-1.577302100998644319e+00
-1.579264100501357015e+00
-1.581226100311057259e+00
-1.583188100140583421e+00
-1.585150099660343370e+00
-1.587112099528249498e+00
-1.589074099318373623e+00
-1.591036098875369786e+00
-1.592998098782709260e+00
-1.594960098533233950e+00
-1.596922098142913971e+00
-1.598884098069519144e+00
-1.600846097786661426e+00
-1.602808097458470638e+00
-1.604770097385124439e+00
-1.606732097079971444e+00
-1.608694096816894570e+00
-1.610656096727342002e+00
-1.612618096413926061e+00
-1.614580096212798521e+00
-1.616542096095227699e+00
-1.618504095788477093e+00
-1.620466095640949789e+00
-1.622428095488832156e+00
-1.624390095202643769e+00
-1.626352095096623263e+00
-1.628314094908881238e+00
-1.630276094654520058e+00
-1.632238094575875431e+00
-1.634200094356426325e+00
-1.636162094141399015e+00
-1.638124094075713577e+00
-1.640086093832503256e+00
-1.642048093659984165e+00
-1.644010093594153954e+00
-1.645972093337840780e+00
-1.647934093206658623e+00
-1.649896093130172714e+00
-1.651858092872640515e+00
-1.653820092777768647e+00
-1.655782092683562690e+00
-1.657744092436449934e+00
-1.659706092369895414e+00
-1.661668092254725115e+00
-1.663630092028128615e+00
-1.665592091980077738e+00
-1.667554091844423159e+00
-1.669516091645906197e+00
-1.671478091605970828e+00
-1.673440091453527234e+00
-1.675402091287510720e+00
-1.677364091245924671e+00
-1.679326091082784078e+00
-1.681288090950350256e+00
-1.683250090898984697e+00
-1.685212090732629120e+00
-1.687174090631718082e+00
-1.689136090564818282e+00
-1.691098090403060139e+00
-1.693060090328998957e+00
-1.695022090243586854e+00
-1.696984090093580422e+00
-1.698946090039848977e+00
-1.700908089935777134e+00
-1.702870089803207421e+00
-1.704832089762336356e+00
-1.706794089642021284e+00
-1.708756089530543587e+00
-1.710718089495024907e+00
-1.712680089362918601e+00
-1.714642089273888725e+00
-1.716604089237000474e+00
-1.718566089098887417e+00
-1.720528089031384100e+00
-1.722490088987842283e+00
-1.724452088850053411e+00
-1.726414088801162539e+00
-1.728376088747544337e+00
-1.730338088616186543e+00
-1.732300088581488762e+00
-1.734262088516403733e+00
-1.736224088396688847e+00
-1.738186088370876847e+00
-1.740148088294890094e+00
-1.742110088190628181e+00
-1.744072088168170609e+00
-1.746034088083511904e+00
-1.747996087996810388e+00
-1.749958087972581788e+00
-1.751920087882694599e+00
-1.753882087813876556e+00
-1.755844087783687391e+00
-1.757806087692684427e+00
-1.759768087640415812e+00
-1.761730087601388606e+00
-1.763692087513483830e+00
-1.765654087475072576e+00
-1.767616087425838201e+00
-1.769578087344824802e+00
-1.771540087316644252e+00
-1.773502087257351700e+00
-1.775464087186177320e+00
-1.777426087164152957e+00
-1.779388087096307469e+00
-1.781350087036788876e+00
-1.783312087016889258e+00
-1.785274086943054783e+00
-1.787236086895749754e+00
-1.789198086874423721e+00
-1.791160086797833229e+00
-1.793122086762069856e+00
-1.795084086736588036e+00
-1.797046086660714748e+00
-1.799008086634761305e+00
-1.800970086603431719e+00
-1.802932086531573885e+00
-1.804894086512914608e+00
-1.806856086475159495e+00
-1.808818086410081349e+00
-1.810780086395760824e+00
-1.812742086352059578e+00
-1.814704086295726215e+00
-1.816666086282712422e+00
-1.818628086234431063e+00
-1.820590086187857670e+00
-1.822552086173385266e+00
-1.824514086122518863e+00
-1.826476086085738748e+00
-1.828438086067591728e+00
-1.830400086016461314e+00
-1.832362085988608946e+00
-1.834324085965318263e+00
-1.836286085916258193e+00
-1.838248085895743955e+00
-1.840210085866683665e+00
-1.842172085821756511e+00
-1.844134085806507617e+00
-1.846096085771888884e+00
-1.848058085732658729e+00
-1.850020085720391227e+00
-1.851982085681162182e+00
-1.853944085648545181e+00
-1.855906085637035741e+00
-1.857868085594708507e+00
-1.859830085568912716e+00
-1.861792085556236875e+00
-1.863754085512665304e+00
-1.865716085493217324e+00
-1.867678085477932903e+00
-1.869640085435072319e+00
-1.871602085420920547e+00
-1.873564085402179114e+00
-1.875526085361855611e+00
-1.877488085351531666e+00
-1.879450085329112063e+00
-1.881412085292826664e+00
-1.883374085284641675e+00
-1.885336085258909611e+00
-1.887298085227695932e+00
-1.889260085219945706e+00
-1.891222085191749391e+00
-1.893184085166096597e+00
-1.895146085157252358e+00
-1.897108085127773736e+00
-1.899070085107616990e+00
-1.901032085096480584e+00
-1.902994085067060359e+00
-1.904956085051835668e+00
-1.906918085037644817e+00
-1.908880085009606153e+00
-1.910842084998354284e+00
-1.912804084980830321e+00
-1.914766084955320080e+00
-1.916728084946827781e+00
-1.918690084926164774e+00
-1.920652084904028722e+00
-1.922614084896985043e+00
-1.924576084873786952e+00
-1.926538084855491162e+00
-1.928500084848640661e+00
-1.930462084823818092e+00
-1.932424084809420739e+00
-1.934386084801697381e+00
-1.936348084776337686e+00
-1.938310084765510366e+00
-1.940272084756137660e+00
-1.942234084731366606e+00
-1.944196084723458506e+00
-1.946158084712007685e+00
-1.948120084688858888e+00
-1.950082084682993822e+00
-1.952044084669397828e+00
-1.954006084648702846e+00
-1.955968084643894045e+00
-1.957930084628418443e+00
-1.959892084610729279e+00
-1.961854084605997084e+00
-1.963816084589176114e+00
-1.965778084574725471e+00
-1.967740084569206793e+00
-1.969702084551754107e+00
-1.971664084540455608e+00
-1.973626084533490532e+00
-1.975588084516196608e+00
-1.977550084507679884e+00
-1.979512084498868285e+00
-1.981474084482498732e+00
-1.983436084476174033e+00
-1.985398084465399338e+00
-1.987360084450604081e+00
-1.989322084445746430e+00
-1.991284084433165180e+00
-1.993246084420409181e+00
-1.995208084416249861e+00
-1.997170084402251078e+00
-1.999132084391771480e+00
-2.001094084387587291e+00
-2.003056084372729639e+00
-2.005018084364524000e+00
-2.006980084359712979e+00
-2.008942084344646606e+00
-2.010904084338488218e+00
-2.012866084332625150e+00
-2.014828084318011747e+00
-2.016790084313491604e+00
-2.018752084306360661e+00
-2.020714084292796642e+00
-2.022676084289381393e+00
-2.024638084280978134e+00
-2.026600084268932012e+00
-2.028562084266033239e+00
-2.030524084256546402e+00
-2.032486084246316604e+00
-2.034448084243360544e+00
-2.036410084233131190e+00
-2.038372084224824743e+00
-2.040334084221314903e+00
-2.042296084210781348e+00
-2.044258084204317427e+00
-2.046220084199884770e+00
-2.048182084189521301e+00
-2.050144084184655213e+00
-2.052106084179087908e+00
-2.054068084169345720e+00
-2.056030084165708871e+00
-2.057992084158966062e+00
-2.059954084150219966e+00
-2.061916084147370931e+00
-2.063878084139570745e+00
-2.065840084132079202e+00
-2.067802084129558793e+00
-2.069764084120955250e+00
-2.071726084114838162e+00
-2.073688084112221830e+00
-2.075650084103162651e+00
-2.077612084098395595e+00
-2.079574084095337838e+00
-2.081536084086219596e+00
-2.083498084082647583e+00
-2.085460084078913479e+00
-2.087422084070131412e+00
-2.089384084067492875e+00
-2.091346084062974064e+00
-2.093308084054878115e+00
-2.095270084052842652e+00
-2.097232084047558676e+00
-2.099194084040416630e+00
-2.101156084038627636e+00
-2.103118084032710389e+00
-2.105080084026684784e+00
-2.107042084024799866e+00
-2.109004084018469616e+00
-2.110966084013606192e+00
-2.112928084011334917e+00
-2.114890084004865223e+00
-2.116852084001097811e+00
-2.118814083998231013e+00
-2.120776083991911420e+00
-2.122738083989076596e+00
-2.124700083985503252e+00
-2.126662083979603768e+00
-2.128624083977467496e+00
-2.130586083973178724e+00
-2.132548083967918284e+00
-2.134510083966207450e+00
-2.136472083961291624e+00
-2.138434083956815446e+00
-2.140396083955251161e+00
-2.142358083949874370e+00
-2.144320083946241517e+00
-2.146282083944570651e+00
-2.148244083938953608e+00
-2.150206083936135659e+00
-2.152168083934157039e+00
-2.154130083928544437e+00
-2.156092083926434366e+00
-2.158054083924016986e+00
-2.160016083918649521e+00
-2.161978083917078131e+00
-2.163940083914169588e+00
-2.165902083909255538e+00
-2.167864083908015438e+00
-2.169826083904640157e+00
-2.171788083900334509e+00
-2.173750083899205432e+00
-2.175712083895456228e+00
-2.177674083891847356e+00
-2.179636083890621912e+00
-2.181598083886642225e+00
-2.183560083883747005e+00
-2.185522083882253774e+00
-2.187484083878216357e+00
-2.189446083875982385e+00
-2.191408083874101020e+00
-2.193370083870185727e+00
-2.195332083868503759e+00
-2.197294083866176084e+00
-2.199256083862546340e+00
-2.201218083861265828e+00
-2.203180083858497618e+00
-2.205142083855283097e+00
-2.207104083854232623e+00
-2.209066083851087381e+00
-2.211028083848370684e+00
-2.212990083847377942e+00
-2.214952083843966246e+00
-2.216914083841774463e+00
-2.218876083840686686e+00
-2.220838083837149757e+00
-2.222800083835457130e+00
-2.224762083834155746e+00
-2.226724083830647682e+00
-2.228686083829380049e+00
-2.230648083827791783e+00
-2.232610083824460467e+00
-2.234572083823506805e+00
-2.236534083821607233e+00
-2.238496083818578342e+00
-2.240458083817806756e+00
-2.242420083815619414e+00
-2.244382083812983542e+00
-2.246344083812256365e+00
-2.248306083809846090e+00
-2.250268083807651642e+00
-2.252230083806841421e+00
-2.254192083804302804e+00
-2.256154083802552446e+00
-2.258116083801556151e+00
-2.260078083798999771e+00
-2.262040083797653978e+00
-2.264002083796402331e+00
-2.265964083793940986e+00
-2.267926083792926040e+00
-2.269888083791389732e+00
-2.271850083789124231e+00
-2.273812083788341543e+00
-2.275774083786529900e+00
-2.277736083784537513e+00
-2.279698083783878282e+00
-2.281660083781837933e+00
-2.283622083780164846e+00
-2.285584083779522047e+00
-2.287546083777326711e+00
-2.289508083775985359e+00
-2.291470083775264843e+00
-2.293432083773006447e+00
-2.295394083771974625e+00
-2.297356083771106228e+00
-2.299318083768882470e+00
-2.301280083768108664e+00
-2.303242083767050641e+00
-2.305204083764953893e+00
-2.307166083764364828e+00
-2.309128083763107853e+00
-2.311090083761214498e+00
-2.313052083760724909e+00
-2.315014083759288521e+00
-2.316976083757652294e+00
-2.318938083757174695e+00
-2.320900083755604637e+00
-2.322862083754251294e+00
-2.324824083753707082e+00
-2.326786083752065970e+00
-2.328748083750992404e+00
-2.330710083750318518e+00
-2.332672083748678293e+00
-2.334634083747855637e+00
-2.336596083747012553e+00
-2.338558083745444716e+00
-2.340520083744821900e+00
-2.342482083743794963e+00
-2.344444083742361684e+00
-2.346406083741874760e+00
-2.348368083740674628e+00
-2.350330083739422982e+00
-2.352292083739001338e+00
-2.354254083737660874e+00
-2.356216083736617062e+00
-2.358178083736192754e+00
-2.360140083734761696e+00
-2.362102083733929714e+00
-2.364064083733445010e+00
-2.366026083731984198e+00
-2.367988083731346283e+00
-2.369950083730758550e+00
-2.371912083729330600e+00
-2.373874083728850781e+00
-2.375836083728137371e+00
-2.377798083726800460e+00
-2.379760083726429887e+00
-2.381722083725587691e+00
-2.383684083724388891e+00
-2.385646083724072053e+00
-2.387608083723117502e+00
-2.389570083722088789e+00
-2.391532083721769730e+00
-2.393494083720734356e+00
-2.395456083719889051e+00
-2.397418083719518034e+00
-2.399380083718444023e+00
-2.401342083717777243e+00
-2.403304083717316075e+00
-2.405266083716250503e+00
-2.407228083715740485e+00
-2.409190083715166075e+00
-2.411152083714154681e+00
-2.413114083713766789e+00
-2.415076083713072475e+00
-2.417038083712154783e+00
-2.419000083711846383e+00
-2.420962083711041934e+00
-2.422924083710246368e+00
-2.424886083709971274e+00
-2.426848083709080228e+00
-2.428810083708420997e+00
-2.430772083708136133e+00
-2.432734083707192241e+00
-2.434696083706669789e+00
-2.436658083706338740e+00
-2.438620083705382413e+00
-2.440582083704982974e+00
-2.442544083704580427e+00
-2.444506083703652521e+00
-2.446468083703350782e+00
-2.448430083702863858e+00
-2.450392083702001234e+00
-2.452354083701764331e+00
-2.454316083701193918e+00
-2.456278083700425885e+00
-2.458240083700216960e+00
-2.460202083699575049e+00
-2.462164083698920702e+00
-2.464126083698703784e+00
-2.466088083698013023e+00
-2.468050083697478581e+00
-2.470012083697222138e+00
-2.471974083696511393e+00
-2.473936083696091970e+00
