1.000000000000000194e-02
1.000000014561814102e-02
1.000000116333344541e-02
1.000000392088448188e-02
1.000000928141731547e-02
1.000001810366196557e-02
1.000003124210621826e-02
1.000004954716639596e-02
1.000007386535474961e-02
1.000010503944310201e-02
1.000014390862242683e-02
1.000019130865802477e-02
1.000024807203999354e-02
1.000031502812868608e-02
1.000039300329487804e-02
1.000048282105435275e-02
1.000058530219664552e-02
1.000070126490769373e-02
1.000083152488613625e-02
1.000097689545303460e-02
1.000113818765478724e-02
1.000131621035902675e-02
1.000151177034328681e-02
1.000172567237624793e-02
1.000195871929138863e-02
1.000221171205284941e-02
1.000248544981336210e-02
1.000278072996408328e-02
1.000309834817619814e-02
1.000343909843415778e-02
1.000380377306044066e-02
1.000419316273171849e-02
1.000460805648634502e-02
1.000504924172307408e-02
1.000551750419094790e-02
1.000601362797029145e-02
1.000653839544477126e-02
1.000709258726448746e-02
1.000767698230008683e-02
1.000829235758789702e-02
1.000893948826608350e-02
1.000961914750187788e-02
1.001033210640990198e-02
1.001107913396166726e-02
1.001186099688630878e-02
1.001267845956266798e-02
1.001353228390281132e-02
1.001442322922714220e-02
1.001535205213122809e-02
1.001631950634452456e-02
1.001732634258117177e-02
1.001837330838307831e-02
1.001946114795549889e-02
1.002059060199536090e-02
1.002176240751260182e-02
1.002297729764478618e-02
1.002423600146532499e-02
1.002553924378560279e-02
1.002688774495136791e-02
1.002828222063373818e-02
1.002972338161521419e-02
1.003121193357110058e-02
1.003274857684676759e-02
1.003433400623117942e-02
1.003596891072717871e-02
1.003765397331898672e-02
1.003938987073744842e-02
1.004117727322351335e-02
1.004301684429053342e-02
1.004490924048589279e-02
1.004685511115259097e-02
1.004885509819133591e-02
1.005090983582377674e-02
1.005301995035750261e-02
1.005518605995344393e-02
1.005740877439632169e-02
1.005968869486883327e-02
1.006202641373023406e-02
1.006442251430002092e-02
1.006687757064740792e-02
1.006939214738731235e-02
1.007196679948356259e-02
1.007460207206005605e-02
1.007729850022059427e-02
1.008005660887813237e-02
1.008287691259416793e-02
1.008575991542902568e-02
1.008870611080375269e-02
1.009171598137437870e-02
1.009478999891925272e-02
1.009792862424020374e-02
1.010113230707822968e-02
1.010440148604442936e-02
1.010773658856689225e-02
1.011113803085421196e-02
1.011460621787632803e-02
1.011814154336334107e-02
1.012174438982295539e-02
1.012541512857717194e-02
1.012915411981884541e-02
1.013296171268869041e-02
1.013683824537330198e-02
1.014078404522472839e-02
1.014479942890210776e-02
1.014888470253585799e-02
1.015304016191486899e-02
1.015726609269713282e-02
1.016156277064418460e-02
1.016593046187973248e-02
1.017036942317278703e-02
1.017487990224557812e-02
1.017946213810650390e-02
1.018411636140833035e-02
1.018884279483179243e-02
1.019364165349473557e-02
1.019851314538687721e-02
1.020345747183022504e-02
1.020847482796514126e-02
1.021356540326202184e-02
1.021872938205846577e-02
1.022396694412180951e-02
1.022927826523683387e-02
1.023466351781839034e-02
1.024012287154866911e-02
1.024565649403877919e-02
1.025126455151423310e-02
1.025694720952392662e-02
1.026270463367210534e-02
1.026853699037281499e-02
1.027444444762622838e-02
1.028042717581623307e-02
1.028648534852860674e-02
1.029261914338904654e-02
1.029882874292029418e-02
1.030511433541753466e-02
1.031147611584121680e-02
1.031791428672637796e-02
1.032442905910754653e-02
1.033102065345822829e-02
1.033768930064394784e-02
1.034443524288778705e-02
1.035125873474732061e-02
1.035816004410181589e-02
1.036513945314852629e-02
1.037219725940688279e-02
1.037933377672936933e-02
1.038654933631780880e-02
1.039384428774380552e-02
1.040121899997203080e-02
1.040867386238504902e-02
1.041620928580834146e-02
1.042382570353418345e-02
1.043152357234302177e-02
1.043930337352097851e-02
1.044716561387212111e-02
1.045511082672410420e-02
1.046313957292583849e-02
1.047125244183578531e-02
1.047945005229953229e-02
1.048773305361528664e-02
1.049610212648594693e-02
1.050455798395641752e-02
1.051310137233486819e-02
1.052173307209663435e-02
1.053045389876951232e-02
1.053926470379919211e-02
1.054816637539363403e-02
1.055715983934521658e-02
1.056624605982949862e-02
1.057542604017951138e-02
1.058470082363451893e-02
1.059407149406221132e-02
1.060353917665338846e-02
1.061310503858818241e-02
1.062277028967295589e-02
1.063253618294705653e-02
1.064240401525865659e-02
1.065237512780895825e-02
1.066245090666411224e-02
1.067263278323425484e-02
1.068292223471912356e-02
1.069332078451976781e-02
1.070383000261593970e-02
1.071445150590882162e-02
1.072518695852878699e-02
1.073603807210796526e-02
1.074700660601746009e-02
1.075809436756910813e-02
1.076930321218174010e-02
1.078063504351197896e-02
1.079209181354965144e-02
1.080367552267796731e-02
1.081538821969867809e-02
1.082723200182248227e-02
1.083920901462500155e-02
1.085132145196872518e-02
1.086357155589134579e-02
1.087596161646100547e-02
1.088849397159897051e-02
1.090117100687036308e-02
1.091399515524357419e-02
1.092696889681905870e-02
1.094009475852824806e-02
1.095337531380335787e-02
1.096681318221891417e-02
1.098041102910583301e-02
1.099417156513896737e-02
1.100809754589901317e-02
1.102219177140975094e-02
1.103645708565156695e-02
1.105089637605227541e-02
1.106551257295623931e-02
1.108030864907283940e-02
1.109528761890533378e-02
1.111045253816116650e-02
1.112580650314480384e-02
1.114135265013416892e-02
1.115709415474174827e-02
1.117303423126147534e-02
1.118917613200243882e-02
1.120552314661051735e-02
1.122207860137899166e-02
1.123884585854920473e-02
1.125582831560230888e-02
1.127302940454313028e-02
1.129045259117718476e-02
1.130810137438181297e-02
1.132597928537244086e-02
1.134408988696489727e-02
1.136243677283472857e-02
1.138102356677440745e-02
1.139985392194931349e-02
1.141893152015331821e-02
1.143826007106479338e-02
1.145784331150381460e-02
1.147768500469130599e-02
1.149778893951082862e-02
1.151815892977366661e-02
1.153879881348786503e-02
1.155971245213177276e-02
1.158090372993266642e-02
1.160237655315092542e-02
1.162413484937024725e-02
1.164618256679428310e-02
1.166852367355008559e-02
1.169116215699866727e-02
1.171410202305295245e-02
1.173734729550333054e-02
1.176090201535099841e-02
1.178477024014918349e-02
1.180895604335234148e-02
1.183346351367332155e-02
1.185829675444846111e-02
1.188345988301051266e-02
1.190895703006924697e-02
1.193479233909951545e-02
1.196096996573649436e-02
1.198749407717778458e-02
1.201436885159194896e-02
1.204159847753304147e-02
1.206918715336057803e-02
1.209713908666435432e-02
1.212545849369344071e-02
1.215414959878859807e-02
1.218321663381728183e-02
1.221266383761035121e-02
1.224249545539945853e-02
1.227271573825407247e-02
1.230332894251694176e-02
1.233433932923674349e-02
1.236575116359654204e-02
1.239756871433658758e-02
1.242979625316986692e-02
1.246243805418869623e-02
1.249549839326052729e-02
1.252898154741100521e-02
1.256289179419216480e-02
1.259723341103351386e-02
1.263201067457357836e-02
1.266722785996934539e-02
1.270288924018080079e-02
1.273899908522762789e-02
1.277556166141487898e-02
1.281258123052422641e-02
1.285006204896716776e-02
1.288800836689629054e-02
1.292642442727042797e-02
1.296531446486925976e-02
1.300468270525256126e-02
1.304453336365900794e-02
1.308487064383902221e-02
1.312569873681579576e-02
1.316702181956818686e-02
1.320884405362869954e-02
1.325116958358930029e-02
1.329400253550727315e-02
1.333734701520271695e-02
1.338120710643870941e-02
1.342558686897443905e-02
1.347049033648092288e-02
1.351592151430811017e-02
1.356188437709133186e-02
1.360838286618415612e-02
1.365542088690366827e-02
1.370300230557318887e-02
1.375113094634621176e-02
1.379981058779413891e-02
1.384904495923900553e-02
1.389883773681093414e-02
1.394919253920844961e-02
1.400011292313809233e-02
1.405160237840789687e-02
1.410366432264730657e-02
1.415630209562391932e-02
1.420951895312513001e-02
1.426331806037021109e-02
1.431770248491563875e-02
1.437267518901354756e-02
1.442823902138005293e-02
1.448439670832672894e-02
1.454115084420493954e-02
1.459850388110875245e-02
1.465645811777798249e-02
1.471501568763841292e-02
1.477417854591143651e-02
1.483394845572025451e-02
1.489432697311432810e-02
1.495531543092805740e-02
1.501691492138355379e-02
1.507912627734105636e-02
1.514195005209386172e-02
1.520538649759774728e-02
1.526943554101779094e-02
1.533409675946820205e-02
1.539936935281355397e-02
1.546525211439250466e-02
1.553174339951812755e-02
1.559884109160231645e-02
1.566654256574571968e-02
1.573484464962957366e-02
1.580374358154201797e-02
1.587323496536935385e-02
1.594331372238287289e-02
1.601397403965497054e-02
1.608520931494502801e-02
1.615701209790681644e-02
1.622937402748636862e-02
1.630228576540321273e-02
1.637573692564049666e-02
1.644971599991227121e-02
1.652421027913116708e-02
1.659920577096915192e-02
1.667468711369032158e-02
1.675063748654060172e-02
1.682703851710769249e-02
1.690387018621851076e-02
1.698111073112382879e-02
1.705873654793372066e-02
1.713672209451501741e-02
1.721503979534523901e-02
1.729365995013688179e-02
1.737255064840051086e-02
1.745167769250169365e-02
1.753100453217909527e-02
1.761049221391924186e-02
1.769009934901272577e-02
1.776978210452720419e-02
1.784949422179807343e-02
1.792918706732531814e-02
1.800880972113566569e-02
1.808830910767728409e-02
1.816763017411062234e-02
1.824671612039293830e-02
1.832550868477733630e-02
1.840394848722059010e-02
1.848197543169311299e-02
1.855952916650784740e-02
1.863654959956179830e-02
1.871297746288071856e-02
1.878875491818148349e-02
1.886382619246658107e-02
1.893813823012478401e-02
1.901164134583909274e-02
1.908428986101048941e-02
1.915604270558907141e-02
1.922686396731490208e-02
1.929672337149382355e-02
1.936559667656692282e-02
1.943346597377958174e-02
1.950031988302773286e-02
1.956615364119007258e-02
1.963096908363092322e-02
1.969477452375041279e-02
1.975758453915880258e-02
1.981941967600621760e-02
1.988030608503010832e-02
1.994027510390084662e-02
1.999936280044764883e-02
2.005760949040298960e-02
2.011505924153838762e-02
2.017175937363238636e-02
2.022775996077478405e-02
2.028311333922031001e-02
2.033787362048797981e-02
2.039209620576254434e-02
2.044583729397994251e-02
2.049915337236608154e-02
2.055210067479713854e-02
2.060473459043210553e-02
2.065710900313948162e-02
2.070927554220069328e-02
2.076128272814860981e-02
2.081317500683744007e-02
2.086499168362533629e-02
2.091676580299669380e-02
2.096852307330130880e-02
2.102028101741525504e-02
2.107204863965042585e-02
2.112382702681971092e-02
2.117561141265105265e-02
2.122739525813056166e-02
2.127917672406240412e-02
2.133096741387780285e-02
2.138280239687366871e-02
2.143474944110553004e-02
2.148691453491962181e-02
2.153944076923404796e-02
2.159249888392316200e-02
2.164626999714901884e-02
2.170092330277493403e-02
2.175659278371832456e-02
2.181335680288040701e-02
2.187122320743072751e-02
2.193012117247093717e-02
2.198990009682155744e-02
2.205033560812545354e-02
2.211114281948308932e-02
2.217199685955655378e-02
2.223255989780302533e-02
2.229251229956945995e-02
2.235158364943842443e-02
2.240957816886257267e-02
2.246638951754768160e-02
2.252200234211054752e-02
2.257648133647413916e-02
2.262995149590190866e-02
2.268257455125099326e-02
2.273452616814827451e-02
2.278597716306124746e-02
2.283708070506844726e-02
2.288796683494685735e-02
2.293874556588440181e-02
2.298951949619585516e-02
2.304040484806455999e-02
2.309155515320950730e-02
2.314317595167162886e-02
2.319551702799737061e-02
2.324883598466483819e-02
2.330334105999744623e-02
2.335913181361410837e-02
2.341615609777850798e-02
2.347419388912360197e-02
2.353287140781104222e-02
2.359170558830801442e-02
2.365017540066469484e-02
2.370780827052321876e-02
2.376425936164448457e-02
2.381935854245847278e-02
2.387311158120523566e-02
2.392566254349351440e-02
2.397723897181155278e-02
2.402810235744904863e-02
2.407851816845243270e-02
2.412875031716473287e-02
2.417907661924293891e-02
2.422981118037310574e-02
2.428130771812686203e-02
2.433391832805255339e-02
2.438790782003529348e-02
2.444335781576183197e-02
2.450010380718359304e-02
2.455773008772786647e-02
2.461562855756702431e-02
2.467311621719840004e-02
2.472958663754705813e-02
2.478464301104270351e-02
2.483815779299038823e-02
2.489024607789803653e-02
2.494119126099768324e-02
2.499137545449340442e-02
2.504124309829887374e-02
2.509129161582228720e-02
2.514205461231606292e-02
2.519403534796704411e-02
2.524758288343207160e-02
2.530276259501352404e-02
2.535928965001749830e-02
2.541655697400602154e-02
2.547375740889941745e-02
2.553008210033537104e-02
2.558493471337429381e-02
2.563806582026566250e-02
2.568957986942914037e-02
2.573986239901735265e-02
2.578950354869709999e-02
2.583923652478147676e-02
2.588984212096989007e-02
2.594197271249557360e-02
2.599594184638936642e-02
2.605159756042945557e-02
2.610834068979061770e-02
2.616526571833168585e-02
2.622139473113721184e-02
2.627595682707658392e-02
2.632860256635483412e-02
2.637947012167026276e-02
2.642913892325622627e-02
2.647853138557401328e-02
2.652872383773870191e-02
2.658061099586016968e-02
2.663455596713383902e-02
2.669026429620218258e-02
2.674691258535940447e-02
2.680339538896087462e-02
2.685862921386136803e-02
2.691188407086573045e-02
2.696303297977796151e-02
2.701263589568782611e-02
2.706184811683154043e-02
2.711207448573568074e-02
2.716435471415157288e-02
2.721887019092301963e-02
2.727496522754065122e-02
2.733149181301608791e-02
2.738715987448699443e-02
2.744090047076857414e-02
2.749228033354696177e-02
2.754180300824379465e-02
2.759088240442926845e-02
2.764127635613014555e-02
2.769408557993182154e-02
2.774917603283450981e-02
2.780549492370462325e-02
2.786162688397389453e-02
2.791617158914453875e-02
2.796821602387271344e-02
2.801793823513194781e-02
2.806684477364190453e-02
2.811709125271746532e-02
2.817000620091079932e-02
2.822528993665989264e-02
2.828161106396919269e-02
2.833735712255249298e-02
2.839101346413176741e-02
2.844184873895066676e-02
2.849076770313896043e-02
2.854017212511057722e-02
2.859220106643627080e-02
2.864701639193588042e-02
2.870323064555441867e-02
2.875906165567298362e-02
2.881276051632503457e-02
2.886340253514453266e-02
2.891213480656705526e-02
2.896188567772085484e-02
2.901474817993963604e-02
2.907022765858586696e-02
2.912648359920119723e-02
2.918151263912242832e-02
2.923356610501211955e-02
2.928269251904724174e-02
2.933170425492983777e-02
2.938369621946353150e-02
2.943880423220792547e-02
2.949507145616864570e-02
2.955028762241623461e-02
2.960240215505712327e-02
2.965138422213849795e-02
2.970055246657983886e-02
2.975316566021153977e-02
2.980875914358016229e-02
2.986497864609017130e-02
2.991936521851554232e-02
2.997002947782933038e-02
3.001849827732958748e-02
3.006923278271611891e-02
3.012383807976377198e-02
3.018014174341246414e-02
3.023545262305463513e-02
3.028719367454204073e-02
3.033574206163559828e-02
3.038584214123210558e-02
3.044013567727727257e-02
3.049646717180219679e-02
3.055186780176528949e-02
3.060347033765470695e-02
3.065189748402291636e-02
3.070256766818115282e-02
3.075754562198878758e-02
3.081399256800696970e-02
3.086863124129286470e-02
3.091880045216220327e-02
3.096739236594535025e-02
3.102010875902914619e-02
3.107627802129428116e-02
3.113230485134677733e-02
3.118456902002959483e-02
3.123297997475004903e-02
3.128398797110343299e-02
3.133958631757763347e-02
3.139608348846559260e-02
3.144948530945531479e-02
3.149819333882126343e-02
3.154857473807922558e-02
3.160399627111170479e-02
3.166064497831590219e-02
3.171414398335251766e-02
3.176276990577385495e-02
3.181360039125970957e-02
3.186950840100533783e-02
3.192608544451388392e-02
3.197855882627802931e-02
3.202690569229148937e-02
3.207943478588500680e-02
3.213618511669753819e-02
3.219197832296571971e-02
3.224220248023833973e-02
3.229153042532353218e-02
3.234677454617229664e-02
3.240383158136062730e-02
3.245696483671350191e-02
3.250536509110493744e-02
3.255847154489065198e-02
3.261569200635994203e-02
3.267078338116002206e-02
3.271975689283983940e-02
3.277126823686021123e-02
3.282831913765015680e-02
3.288439548059151479e-02
3.293405460507331517e-02
3.298492304566399275e-02
3.304195653105777841e-02
3.309835563669136921e-02
3.314811628460268000e-02
3.319927634570497138e-02
3.325667478261330745e-02
3.331277302339565038e-02
3.336200678763602545e-02
3.341448783702045261e-02
3.347248770349434133e-02
3.352730786419722692e-02
3.357607595236588444e-02
3.363094328860522647e-02
3.368913393633361092e-02
3.374125865463546703e-02
3.379130973898571838e-02
3.384887391977479953e-02
3.390553563716693780e-02
3.395478530409267587e-02
3.400898793555322958e-02
3.406772872729930957e-02
3.411996639085275451e-02
3.417071247469051498e-02
3.422923688609068316e-02
3.428478985561359688e-02
3.433410704074216918e-02
3.439109997785101680e-02
3.444891617237128001e-02
3.449861215949081433e-02
3.455387057022217545e-02
3.461298763773339865e-02
3.466366558810866916e-02
3.471772455728881074e-02
3.477752164029842413e-02
3.482891274570554252e-02
3.488254856156135925e-02
3.494272295078502955e-02
3.499423955076426396e-02
3.504825097395922878e-02
3.510857907312652654e-02
3.515971515509187795e-02
3.521497983781642777e-02
3.527487834564568825e-02
3.532563910946767693e-02
3.538320862656076093e-02
3.544129087994846855e-02
3.549249846553455268e-02
3.555313566688209082e-02
3.560774565830952115e-02
3.566062787071192647e-02
3.572278059534687161e-02
3.577462024032714016e-02
3.583167118872975648e-02
3.588970318766114553e-02
3.594218154032877144e-02
3.600522076613289768e-02
3.605778452553556890e-02
3.611379905727614414e-02
3.617198651424618355e-02
3.622528330556079590e-02
3.628967418096745723e-02
3.634262734770660891e-02
3.640180095376144287e-02
3.645542153064462026e-02
3.650876822755211304e-02
3.656926245616925336e-02
3.662433806808033931e-02
3.669114140031155130e-02
3.674678375386450369e-02
3.681128338155920110e-02
3.686342061272419174e-02
3.691978664627101892e-02
3.696772107507832056e-02
3.701693418531538243e-02
3.706322281671634716e-02
3.710961627460284545e-02
3.715732933546432581e-02
3.720478010389571821e-02
3.725580295747166898e-02
3.730652150491329394e-02
3.736130642214655767e-02
3.741591906012643048e-02
3.747356448458455391e-02
3.753118754121141654e-02
3.758933802672562163e-02
3.764749155376041767e-02
3.770238850603484931e-02
3.775744355766907229e-02
3.780510679323682843e-02
3.785434766022070102e-02
3.789396544678026724e-02
3.793912325769371180e-02
3.797730280604537378e-02
3.802495762305510563e-02
3.807194413460414373e-02
3.812412118896425089e-02
3.817607136485887814e-02
3.822150519445305372e-02
3.826915135561450437e-02
3.831146280517568753e-02
3.836122109210555325e-02
3.841169806844243334e-02
3.845841073721675829e-02
3.850641029021995010e-02
3.855207893246252737e-02
3.860074334957472320e-02
3.864850643006433745e-02
3.869328951853891890e-02
3.874038740251652818e-02
3.878755073270672565e-02
3.883456750014799286e-02
3.888093350053522385e-02
3.892724908069115225e-02
3.897735923651158424e-02
3.902140501593675398e-02
3.906600049045913514e-02
3.911322323631407499e-02
3.915859111694442590e-02
3.919844618407420517e-02
3.923627023471133041e-02
3.928842962380853232e-02
3.933092188437243425e-02
3.936202370567252334e-02
3.939442428449458494e-02
3.942939938734115607e-02
3.949228029589818556e-02
3.952100140186731725e-02
3.953131969051061623e-02
3.955241425383385773e-02
3.955813333610826155e-02
3.957790792948295139e-02
3.964883740565573050e-02
3.972966693754129835e-02
3.975183923201962288e-02
3.968912102751818993e-02
3.955786060503566071e-02
3.938642618833892994e-02
3.919817483473687914e-02
3.900782387360646197e-02
3.882314006433947723e-02
3.864756483119922287e-02
3.848227362194749784e-02
3.832741540108062367e-02
3.818259922194564004e-02
3.804683318771234085e-02
3.791825464037644478e-02
3.779393191375095967e-02
3.766984690639715166e-02
3.754117313489523100e-02
3.740292292836139287e-02
3.725074881025737528e-02
3.708160072294031800e-02
3.689424195297167502e-02
3.668992401233845541e-02
3.647347439642135980e-02
3.625420205872899315e-02
3.604393341153021291e-02
3.584975739085848739e-02
3.566803808889575100e-02
3.548918115556225911e-02
3.530733190726373372e-02
3.512418695277934322e-02
3.494370894849845033e-02
3.476294113852905487e-02
3.457382868282285471e-02
3.437525346107203617e-02
3.417702456077530149e-02
3.398773616868903946e-02
3.380348670474556810e-02
3.361803021152617171e-02
3.343281582891997200e-02
3.324789581649795905e-02
3.305712209910620369e-02
3.286208832728667456e-02
3.267161085252277136e-02
3.248531058848325159e-02
3.229847723002081394e-02
3.211212788121362016e-02
3.192383393381282436e-02
3.173119220985718553e-02
3.154055540251686496e-02
3.135319732265731685e-02
3.116569227879543991e-02
3.097837798649611535e-02
3.078850178523565712e-02
3.059703772294422586e-02
3.040835036242065664e-02
3.022049643592504553e-02
3.003264319068844890e-02
2.984333887231989738e-02
2.965247214937062267e-02
2.946350965285122331e-02
2.927532512071866558e-02
2.908705583071986844e-02
2.889734457379201232e-02
2.870712985263972408e-02
2.851838528660626329e-02
2.832997362076310546e-02
2.814110149779208703e-02
2.795101848562510372e-02
2.776158100755274707e-02
2.757297508624080226e-02
2.738421943279732707e-02
2.719453835964499855e-02
2.700484939089298903e-02
2.681598778817027851e-02
2.662718905134041358e-02
2.643769347028736977e-02
2.624801712416889587e-02
2.605897351540524542e-02
2.587009416473117981e-02
2.568062856396565938e-02
2.549102624343631968e-02
2.530191301582207161e-02
2.511292245759473574e-02
2.492343559944477926e-02
2.473389465366904877e-02
2.454479807286142484e-02
2.435565165802279150e-02
2.416616475303258807e-02
2.397665820975311557e-02
2.378761236702552767e-02
2.359827755000523664e-02
2.340883060245038672e-02
2.321938434235289173e-02
2.303031085935603253e-02
2.284085633483221023e-02
2.265140878418551995e-02
2.246213257679212025e-02
2.227286006668095092e-02
2.208344417983753097e-02
2.189394636790811810e-02
2.170480173314830175e-02
2.151534296920313422e-02
2.132594249046962723e-02
2.113659117929056128e-02
2.094727497068264374e-02
2.075788249340011771e-02
2.056838679236814779e-02
2.037918057009735495e-02
2.018971488055537264e-02
2.000029902568909237e-02
1.981098692152878302e-02
1.962156793280753556e-02
1.943220994811071037e-02
1.924274931020700241e-02
1.905344327728837259e-02
1.886403505577435857e-02
1.867455597139961940e-02
1.848528322602940865e-02
1.829582061800642465e-02
1.810641018517056972e-02
1.791707274358677812e-02
1.772762392290092026e-02
1.753826217441052313e-02
1.734883891905909803e-02
1.715944672424329909e-02
1.697007869015513051e-02
1.678061168306897721e-02
1.659126613840428838e-02
1.640186231173410350e-02
1.621240060156165994e-02
1.602306796205453868e-02
1.583363289814942315e-02
1.564420061756779945e-02
1.545485330944144226e-02
1.526540715560576085e-02
1.507600459867792196e-02
1.488663177766362533e-02
1.469719228487853004e-02
1.450780897075594142e-02
1.431841313168580841e-02
1.412898870302832163e-02
1.393961355993597259e-02
1.375020312124336508e-02
1.356079421605554600e-02
1.337141986339799443e-02
1.318200353590713927e-02
1.299260665339163102e-02
1.280322977423116633e-02
1.261381404124090055e-02
1.242442491092151519e-02
1.223504506008281194e-02
1.204563386889440958e-02
1.185624907700041919e-02
1.166686731842795505e-02
1.147746273854021067e-02
1.128808019523710494e-02
1.109869810671820604e-02
1.090930113953686616e-02
1.071991997068971227e-02
1.053053907939078410e-02
1.034115027608884484e-02
1.015177054476998006e-02
9.962392081839275410e-03
9.773011905198643323e-03
9.583634362344720797e-03
9.394259208625506050e-03
9.204888183864614118e-03
9.015514109258828193e-03
8.826142844102855683e-03
8.636781563346612040e-03
8.447412684848621886e-03
8.258045693078055333e-03
8.068694727783263729e-03
7.879333174170067774e-03
7.689970793292737021e-03
7.500630557510906682e-03
7.311278790010386150e-03
7.121921488361919288e-03
6.932592091839983976e-03
6.743252763729051281e-03
6.553901334078658832e-03
6.364582466141755976e-03
6.175258178125013313e-03
5.985913916370400392e-03
5.796604803136275706e-03
5.607297755316714358e-03
5.417962577347134635e-03
5.228662048994945494e-03
5.039373634167124832e-03
4.850050073940540170e-03
4.660756760105729500e-03
4.471487185838988847e-03
4.282178222484651561e-03
4.092890860859574667e-03
3.903638910735060356e-03
3.714347598160766366e-03
3.525065397947532535e-03
3.335828427543623652e-03
3.146557346729676567e-03
2.957280304836310773e-03
2.768054509821653037e-03
2.578805122103608027e-03
2.389534161977511281e-03
2.200315068483478000e-03
2.011087097783577186e-03
1.821823907653789560e-03
1.632606951506921419e-03
1.443397940430102191e-03
1.254144443619393612e-03
1.064925460567662553e-03
8.757306127809643369e-04
6.864881043535233989e-04
4.972635669799948133e-04
3.080759089598353448e-04
1.188440104528978272e-04
-7.038908875644879818e-05
-2.595782943106346745e-04
-4.488026274480859910e-04
-6.380472601944767348e-04
-8.272480007907031608e-04
-1.016471182763696666e-03
-1.205731066871298246e-03
-1.394954152068871500e-03
-1.584186237135954767e-03
-1.773466786638555094e-03
-1.962723664221447360e-03
-2.151978190743738216e-03
-2.341287474764086607e-03
-2.530590376726322109e-03
-2.719883934930269250e-03
-2.909233491918754213e-03
-3.098595903775069101e-03
-3.287947650653050367e-03
-3.477353046348373358e-03
-3.666790410801269804e-03
-3.856221734214428359e-03
-4.045702818904905670e-03
-4.235233331277310845e-03
-4.424767770929718090e-03
-4.614348662164897454e-03
-4.803993999787274996e-03
-4.993657415894081630e-03
-5.183366282321764072e-03
-5.373152133509017173e-03
-5.562973024175276067e-03
-5.752841760733950517e-03
-5.942798071633061466e-03
-6.132807903075759674e-03
-6.322871770173228885e-03
-6.513032692005726355e-03
-6.703266119829768763e-03
-6.893563385092102425e-03
-7.083966960807762912e-03
-7.274461866398684862e-03
-7.465033456024732991e-03
-7.655721121332675558e-03
-7.846518442934224263e-03
-8.037407594071573069e-03
-8.228423581348820112e-03
-8.419566968650642191e-03
-8.610818878493187167e-03
-8.802209609867737983e-03
-8.993744966247805422e-03
-9.185406453026345730e-03
-9.377219999518385599e-03
-9.569194995520755725e-03
-9.761314210929844873e-03
-9.953599881975451480e-03
-1.014606352747185296e-02
-1.033868977662195585e-02
-1.053149788573332947e-02
-1.072450023669873492e-02
-1.091768395742582186e-02
-1.111106577765034152e-02
-1.130465782590690284e-02
-1.149845074298330369e-02
-1.169245861420684096e-02
-1.188669236381779959e-02
-1.208114775955537908e-02
-1.227583524197856969e-02
-1.247076391360644847e-02
-1.266593685153030377e-02
-1.286135875436428266e-02
-1.305703697981212483e-02
-1.325298421173307963e-02
-1.344919629406002640e-02
-1.364568007364513544e-02
-1.384245930788496372e-02
-1.403951747628814570e-02
-1.423686359273203424e-02
-1.443453186804044205e-02
-1.463249078142426704e-02
-1.483075534329732909e-02
-1.502936647137581225e-02
-1.522827756824206812e-02
-1.542751346334224512e-02
-1.562711482026466273e-02
-1.582702385915835813e-02
-1.602727718043656449e-02
-1.622790639954784300e-02
-1.642885064423563884e-02
-1.663015655886858693e-02
-1.683183874739849900e-02
-1.703384398951720419e-02
-1.723622287965781430e-02
-1.743896879947835418e-02
-1.764204654502756625e-02
-1.784550133803415595e-02
-1.804930667118241627e-02
-1.825345198191317964e-02
-1.845796730946546935e-02
-1.866281286399534486e-02
-1.886800340207953064e-02
-1.907354669769326799e-02
-1.927939932144884586e-02
-1.948559597743590791e-02
-1.969212009967507074e-02
-1.989893413366365660e-02
-2.010608324892619592e-02
-2.031352992874738833e-02
-2.052124912835034259e-02
-2.072928592085346994e-02
-2.093758934046848624e-02
-2.114614921977096135e-02
-2.135500177150205514e-02
-2.156409179649311503e-02
-2.177342229185210559e-02
-2.198301544004228891e-02
-2.219282029302916542e-02
-2.240284855128793842e-02
-2.261310719810220166e-02
-2.282355556387122633e-02
-2.303420860596766886e-02
-2.324506020988603358e-02
-2.345608285783215910e-02
-2.366728988342807136e-02
-2.387866611654001700e-02
-2.409019713740694416e-02
-2.430189131059812963e-02
-2.451372900599134083e-02
-2.472570673089497656e-02
-2.493782638663562604e-02
-2.515006795510847659e-02
-2.536243559328515279e-02
-2.557492489444987416e-02
-2.578751838420420897e-02
-2.600022439990532647e-02
-2.621303353569688285e-02
-2.642593247287867292e-02
-2.663893072237107085e-02
-2.685201576580561328e-02
-2.706517887131228151e-02
-2.727842853057236075e-02
-2.749175107241009011e-02
-2.770514191432706802e-02
-2.791860723839677261e-02
-2.813213389756282629e-02
-2.834572051331987405e-02
-2.855937047415157970e-02
-2.877307236022213707e-02
-2.898682686734831149e-02
-2.920063471672418309e-02
-2.941448689546748499e-02
-2.962838510190050900e-02
-2.984232790065989571e-02
-3.005630889285143895e-02
-3.027032991419146418e-02
-3.048438806062219938e-02
-3.069847938885396713e-02
-3.091260527849220424e-02
-3.112676205942370086e-02
-3.134094784727629868e-02
-3.155516324457630084e-02
-3.176940442399458359e-02
-3.198367104582565401e-02
-3.219796284679535964e-02
-3.241227629955660550e-02
-3.262661207612803371e-02
-3.284096913006590013e-02
-3.305534452283089009e-02
-3.326973945697837137e-02
-3.348415229143072991e-02
-3.369858080921817739e-02
-3.391302635590520004e-02
-3.412748693105613351e-02
-3.434196104555778395e-02
-3.455644991134682736e-02
-3.477095140380808552e-02
-3.498546467848788477e-02
-3.519999064631870039e-02
-3.541452726129570155e-02
-3.562907418798114817e-02
-3.584363196395484730e-02
-3.605819877399255025e-02
-3.627277463587521428e-02
-3.648735971540664064e-02
-3.670195252338389474e-02
-3.691655327985521318e-02
-3.713116183105056450e-02
-3.734577705478257792e-02
-3.756039924417804016e-02
-3.777502800663699173e-02
-3.798966258233301557e-02
-3.820430323933109856e-02
-3.841894943679549645e-02
-3.863360073866420330e-02
-3.884825732371735563e-02
-3.906291858912935150e-02
-3.927758436258633329e-02
-3.949225470131226962e-02
-3.970692901293580018e-02
-3.992160731910722460e-02
-4.013628955002422616e-02
-4.035097517735122125e-02
-4.056566434685045242e-02
-4.078035687620049782e-02
-4.099505233442449215e-02
-4.120975092867643769e-02
-4.142445239135286728e-02
-4.163915640325920042e-02
-4.185386318193867750e-02
-4.206857240773450440e-02
-4.228328387193306531e-02
-4.249799776535336665e-02
-4.271271374988712399e-02
-4.292743171440190769e-02
-4.314215179992849508e-02
-4.335687367970086914e-02
-4.357159732002863217e-02
-4.378632280179550751e-02
-4.400104983289576666e-02
-4.421577843375084499e-02
-4.443050862512316901e-02
-4.464524016514961891e-02
-4.485997310521857434e-02
-4.507470741357547106e-02
-4.528944290636787579e-02
-4.550417964550290684e-02
-4.571891755901356241e-02
-4.593365652182367781e-02
-4.614839659020295026e-02
-4.636313766634120315e-02
-4.657787967909448462e-02
-4.679262266796851977e-02
-4.700736652356160561e-02
-4.722211121989090821e-02
-4.743685677361404035e-02
-4.765160307625475322e-02
-4.786635013601694272e-02
-4.808109794513126117e-02
-4.829584640580465021e-02
-4.851059554882270614e-02
-4.872534534401771339e-02
-4.894009571080688153e-02
-4.915484669161344911e-02
-4.936959823842885370e-02
-4.958435029117352899e-02
-4.979910289456521144e-02
-5.001385598873778898e-02
-5.022860953452599336e-02
-5.044336357177002517e-02
-5.065811803514934375e-02
-5.087287290452872229e-02
-5.108762821009416727e-02
-5.130238388706826608e-02
-5.151713993087062710e-02
-5.173189635958347354e-02
-5.194665311396573504e-02
-5.216141020064639366e-02
-5.237616762519162888e-02
-5.259092533752583037e-02
-5.280568335092877819e-02
-5.302044165964216182e-02
-5.323520022488537756e-02
-5.344995906235569527e-02
-5.366471815726361894e-02
-5.387947748280792759e-02
-5.409423705358407802e-02
-5.430899684866146576e-02
-5.452375685265568872e-02
-5.473851707648542259e-02
-5.495327749611006452e-02
-5.516803810604332947e-02
-5.538279891197798316e-02
-5.559755988956473910e-02
-5.581232104107469727e-02
-5.602708236640657063e-02
-5.624184384320800312e-02
-5.645660547907836030e-02
-5.667136726839482747e-02
-5.688612919245599614e-02
-5.710089126177059216e-02
-5.731565346610592582e-02
-5.753041579136105449e-02
-5.774517824878516725e-02
-5.795994082485707993e-02
-5.817470351035548132e-02
-5.838946631551887589e-02
-5.860422922504104903e-02
-5.881899223428886658e-02
-5.903375535124929380e-02
-5.924851856031415620e-02
-5.946328186071797584e-02
-5.967804525748814093e-02
-5.989280873601601773e-02
-6.010757229841424965e-02
-6.032233594653908793e-02
-6.053709966779039636e-02
-6.075186346605855603e-02
-6.096662734023337860e-02
-6.118139128038081742e-02
-6.139615529109766073e-02
-6.161091936882073794e-02
-6.182568350657789702e-02
-6.204044770874044684e-02
-6.225521196999595636e-02
-6.246997628629809979e-02
-6.268474066107522502e-02
-6.289950508804424689e-02
-6.311426956577648184e-02
-6.332903409629236924e-02
-6.354379867309073449e-02
-6.375856329685808399e-02
-6.397332796799874710e-02
-6.418809268044120553e-02
-6.440285743637488847e-02
-6.461762223461256505e-02
-6.483238707000271717e-02
-6.504715194559682057e-02
-6.526191685882881677e-02
-6.547668180577426167e-02
-6.569144678974718488e-02
-6.590621180714688332e-02
-6.612097685539844449e-02
-6.633574193757393878e-02
-6.655050704945283946e-02
-6.676527218976652245e-02
-6.698003736096991290e-02
-6.719480255865037388e-02
-6.740956778267000182e-02
-6.762433303463583067e-02
-6.783909831033445303e-02
-6.805386361049273192e-02
-6.826862893578086733e-02
-6.848339428250281580e-02
-6.869815965193815099e-02
-6.891292504385639062e-02
-6.912769045530084422e-02
-6.934245588778742420e-02
-6.955722134031924742e-02
-6.977198681079599396e-02
-6.998675230068433784e-02
-7.020151780842097400e-02
-7.041628333277785701e-02
-7.063104887494357775e-02
-7.084581443302036263e-02
-7.106058000658112273e-02
-7.127534559637982436e-02
-7.149011120041684486e-02
-7.170487681892845355e-02
-7.191964245215490270e-02
-7.213440809820216570e-02
-7.234917375779056914e-02
-7.256393943064104457e-02
-7.277870511512860019e-02
-7.299347081226167933e-02
-7.320823652129856973e-02
-7.342300224099182482e-02
-7.363776797244823979e-02
-7.385253371456630689e-02
-7.406729946652665375e-02
-7.428206522936935119e-02
-7.449683100176358874e-02
-7.471159678331426579e-02
-7.492636257486744167e-02
-7.514112837500253050e-02
-7.535589418369956216e-02
-7.557066000152805330e-02
-7.578542582710956488e-02
-7.600019166071726728e-02
-7.621495750260759428e-02
-7.642972335155533148e-02
-7.664448920802596765e-02
-7.685925507196847417e-02
-7.707402094239204637e-02
-7.728878681984885368e-02
-7.750355270402052577e-02
-7.771831859419753297e-02
-7.793308449092052614e-02
-7.814785039366836661e-02
-7.836261630202523421e-02
-7.857738221643911780e-02
-7.879214813626404801e-02
-7.900691406135948447e-02
-7.922167999202302247e-02
-7.943644592756438083e-02
-7.965121186807540277e-02
-7.986597781367177351e-02
-8.008074376369267444e-02
-8.029550971840293538e-02
-8.051027567773066940e-02
-8.072504164110437530e-02
-8.093980760889456227e-02
-8.115457358085874373e-02
-8.136933955655617501e-02
-8.158410553639604268e-02
-8.179887151999977457e-02
-8.201363750707846290e-02
-8.222840349802015836e-02
-8.244316949235599989e-02
-8.265793548995035989e-02
-8.287270149112276052e-02
-8.308746749536444209e-02
-8.330223350267751403e-02
-8.351699951328109273e-02
-8.373176552667541128e-02
-8.394653154297196385e-02
-8.416129756227408443e-02
-8.437606358413325680e-02
-8.459082960873408330e-02
-8.480559563606442086e-02
-8.502036166575888121e-02
-8.523512769803617828e-02
-8.544989373278216727e-02
-8.566465976973408614e-02
-8.587942580910765122e-02
-8.609419185070993352e-02
-8.630895789438743082e-02
-8.652372394032152580e-02
-8.673848998826939882e-02
-8.695325603818158944e-02
-8.716802209018215120e-02
-8.738278814400900207e-02
-8.759755419970173540e-02
-8.781232025731391944e-02
-8.802708631659282579e-02
-8.824185237764528567e-02
-8.845661844045109301e-02
-8.867138450479061795e-02
-8.888615057081246384e-02
-8.910091663842835408e-02
-8.931568270746861882e-02
-8.953044877809775148e-02
-8.974521485017220024e-02
-8.995998092358138687e-02
-9.017474699848211650e-02
-9.038951307469317298e-02
-9.060427915216440198e-02
-9.081904523102589388e-02
-9.103381131107859958e-02
-9.124857739232732079e-02
-9.146334347486226313e-02
-9.167810955848615384e-02
-9.189287564324793989e-02
-9.210764172919125303e-02
-9.232240781613790248e-02
-9.253717390416668631e-02
-9.275193999327427385e-02
-9.296670608331489283e-02
-9.318147217438155216e-02
-9.339623826642899640e-02
-9.361100435935232333e-02
-9.382577045324361209e-02
-9.404053654802480011e-02
-9.425530264363514432e-02
-9.447006874015273503e-02
-9.468483483747841545e-02
-9.489960093559396404e-02
-9.511436703455376784e-02
-9.532913313425012136e-02
-9.554389923470156532e-02
-9.575866533593299645e-02
-9.597343143784010933e-02
-9.618819754046946391e-02
-9.640296364381480132e-02
-9.661772974778527756e-02
-9.683249585244502189e-02
-9.704726195775871533e-02
-9.726202806365628895e-02
-9.747679417020864434e-02
-9.769156027735659276e-02
-9.790632638505487872e-02
-9.812109249337125361e-02
-9.833585860222997244e-02
-9.855062471161142590e-02
-9.876539082157199945e-02
-9.898015693202780185e-02
-9.919492304298273277e-02
-9.940968915447608023e-02
-9.962445526642423055e-02
-9.983922137885006820e-02
-1.000539874917727862e-01
-1.002687536051165701e-01
-1.004835197189172663e-01
-1.006982858331736258e-01
-1.009130519478235594e-01
-1.011278180629091028e-01
-1.013425841784106607e-01
-1.015573502942836714e-01
-1.017721164105697546e-01
-1.019868825272348678e-01
-1.022016486442535732e-01
-1.024164147616613424e-01
-1.026311808794147240e-01
-1.028459469975068485e-01
-1.030607131159626544e-01
-1.032754792347348183e-01
-1.034902453538326383e-01
-1.037050114732678829e-01
-1.039197775929946582e-01
-1.041345437130346135e-01
-1.043493098333855285e-01
-1.045640759540074488e-01
-1.047788420749298233e-01
-1.049936081961373030e-01
-1.052083743175991765e-01
-1.054231404393478760e-01
-1.056379065613572005e-01
-1.058526726836075682e-01
-1.060674388061299406e-01
-1.062822049288904974e-01
-1.064969710518812451e-01
-1.067117371751279548e-01
-1.069265032985929897e-01
-1.071412694222789869e-01
-1.073560355462039179e-01
-1.075708016703301462e-01
-1.077855677946689544e-01
-1.080003339192290995e-01
-1.082151000439764005e-01
-1.084298661689280519e-01
-1.086446322940834014e-01
-1.088593984194144992e-01
-1.090741645449413433e-01
-1.092889306706548019e-01
-1.095036967965349189e-01
-1.097184629226014840e-01
-1.099332290488386488e-01
-1.101479951752352554e-01
-1.103627613018081793e-01
-1.105775274285372145e-01
-1.107922935554197658e-01
-1.110070596824677541e-01
-1.112218258096591555e-01
-1.114365919369988966e-01
-1.116513580644926534e-01
-1.118661241921190957e-01
-1.120808903198888679e-01
-1.122956564478010399e-01
-1.125104225758370852e-01
-1.127251887040112560e-01
-1.129399548323163915e-01
-1.131547209607383364e-01
-1.133694870892927031e-01
-1.135842532179671405e-01
-1.137990193467528083e-01
-1.140137854756645419e-01
-1.142285516046863403e-01
-1.144433177338148727e-01
-1.146580838630624488e-01
-1.148728499924112495e-01
-1.150876161218629956e-01
-1.153023822514262359e-01
-1.155171483810831373e-01
-1.157319145108395425e-01
-1.159466806406995454e-01
-1.161614467706469644e-01
-1.163762129006904456e-01
-1.165909790308295585e-01
-1.168057451610510916e-01
-1.170205112913650231e-01
-1.172352774217668009e-01
-1.174500435522470992e-01
-1.176648096828157158e-01
-1.178795758134648791e-01
-1.180943419441895098e-01
-1.183091080749979485e-01
-1.185238742058803002e-01
-1.187386403368356491e-01
-1.189534064678698794e-01
-1.191681725989722357e-01
-1.193829387301454381e-01
-1.195977048613922761e-01
-1.198124709927023690e-01
-1.200272371240812125e-01
-1.202420032555283208e-01
-1.204567693870347150e-01
-1.206715355186076116e-01
-1.208863016502434440e-01
-1.211010677819354259e-01
-1.213158339136913982e-01
-1.215306000455052271e-01
-1.217453661773727491e-01
-1.219601323093013751e-01
-1.221748984412831807e-01
-1.223896645733167365e-01
-1.226044307054081767e-01
-1.228191968375486609e-01
-1.230339629697392717e-01
-1.232487291019842418e-01
-1.234634952342747310e-01
-1.236782613666138758e-01
-1.238930274990036468e-01
-1.241077936314360641e-01
-1.243225597639156382e-01
-1.245373258964420499e-01
-1.247520920290088181e-01
-1.249668581616211055e-01
-1.251816242942765112e-01
-1.253963904269705387e-01
-1.256111565597081980e-01
-1.258259226924855201e-01
-1.260406888253000901e-01
-1.262554549581561825e-01
-1.264702210910487457e-01
-1.266849872239775021e-01
-1.268997533569454494e-01
-1.271145194899471198e-01
-1.273292856229840675e-01
-1.275440517560576803e-01
-1.277588178891626847e-01
-1.279735840223020504e-01
-1.281883501554754723e-01
-1.284031162886784538e-01
-1.286178824219147698e-01
-1.288326485551825606e-01
-1.290474146884784401e-01
-1.292621808218064883e-01
-1.294769469551635133e-01
-1.296917130885475167e-01
-1.299064792219623288e-01
-1.301212453554038417e-01
-1.303360114888714727e-01
-1.305507776223683580e-01
-1.307655437558899458e-01
-1.309803098894369022e-01
-1.311950760230113922e-01
-1.314098421566088637e-01
-1.316246082902310932e-01
-1.318393744238789966e-01
-1.320541405575485217e-01
-1.322689066912420830e-01
-1.324836728249594586e-01
-1.326984389586973734e-01
-1.329132050924585751e-01
-1.331279712262417314e-01
-1.333427373600445942e-01
-1.335575034938698558e-01
-1.337722696277153511e-01
-1.339870357615799423e-01
-1.342018018954658776e-01
-1.344165680293704646e-01
-1.346313341632936755e-01
-1.348461002972370926e-01
-1.350608664311978013e-01
-1.352756325651767177e-01
-1.354903986991745635e-01
-1.357051648331885629e-01
-1.359199309672203537e-01
-1.361346971012697415e-01
-1.363494632353343949e-01
-1.365642293694163678e-01
-1.367789955035146332e-01
-1.369937616376274703e-01
-1.372085277717570717e-01
-1.374232939059016889e-01
-1.376380600400603504e-01
-1.378528261742351102e-01
-1.380675923084237477e-01
-1.382823584426260133e-01
-1.384971245768435721e-01
-1.387118907110740096e-01
-1.389266568453177420e-01
-1.391414229795759072e-01
-1.393561891138460906e-01
-1.395709552481292637e-01
-1.397857213824259259e-01
-1.400004875167339125e-01
-1.402152536510545833e-01
-1.404300197853877719e-01
-1.406447859197317574e-01
-1.408595520540880386e-01
-1.410743181884558939e-01
-1.412890843228341575e-01
-1.415038504572242728e-01
-1.417186165916250740e-01
-1.419333827260359782e-01
-1.421481488604582344e-01
-1.423629149948903438e-01
-1.425776811293323620e-01
-1.427924472637851216e-01
-1.430072133982470406e-01
-1.432219795327186740e-01
-1.434367456672003827e-01
-1.436515118016906678e-01
-1.438662779361904731e-01
-1.440810440706996598e-01
-1.442958102052169789e-01
-1.445105763397435961e-01
-1.447253424742789285e-01
-1.449401086088220325e-01
-1.451548747433741571e-01
-1.453696408779343308e-01
-1.455844070125020262e-01
-1.457991731470783814e-01
-1.460139392816621751e-01
-1.462287054162533240e-01
-1.464434715508527163e-01
-1.466582376854590197e-01
-1.468730038200725119e-01
-1.470877699546938033e-01
-1.473025360893215618e-01
-1.475173022239563703e-01
-1.477320683585984784e-01
-1.479468344932466928e-01
-1.481616006279017905e-01
-1.483763667625636884e-01
-1.485911328972314149e-01
-1.488058990319058583e-01
-1.490206651665865745e-01
-1.492354313012729250e-01
-1.494501974359657703e-01
-1.496649635706644166e-01
-1.498797297053685584e-01
-1.500944958400789175e-01
-1.503092619747946335e-01
-1.505240281095157617e-01
-1.507387942442427742e-01
-1.509535603789747826e-01
-1.511683265137121202e-01
-1.513830926484549810e-01
-1.515978587832025326e-01
-1.518126249179553300e-01
-1.520273910527132621e-01
-1.522421571874756629e-01
-1.524569233222431985e-01
-1.526716894570155081e-01
-1.528864555917920920e-01
-1.531012217265736719e-01
-1.533159878613596649e-01
-1.535307539961498213e-01
-1.537455201309447794e-01
-1.539602862657438176e-01
-1.541750524005469358e-01
-1.543898185353546337e-01
-1.546045846701661342e-01
-1.548193508049816314e-01
-1.550341169398014585e-01
-1.552488830746248660e-01
-1.554636492094521871e-01
-1.556784153442835605e-01
-1.558931814791183201e-01
-1.561079476139569377e-01
-1.563227137487993301e-01
-1.565374798836449699e-01
-1.567522460184943567e-01
-1.569670121533472407e-01
-1.571817782882032888e-01
-1.573965444230629729e-01
-1.576113105579258766e-01
-1.578260766927918612e-01
-1.580408428276613431e-01
-1.582556089625337947e-01
-1.584703750974092995e-01
-1.586851412322881072e-01
-1.588999073671697182e-01
-1.591146735020543268e-01
-1.593294396369420440e-01
-1.595442057718323980e-01
-1.597589719067256941e-01
-1.599737380416219046e-01
-1.601885041765206130e-01
-1.604032703114222358e-01
-1.606180364463265231e-01
-1.608328025812332529e-01
-1.610475687161427860e-01
-1.612623348510548171e-01
-1.614771009859692075e-01
-1.616918671208863179e-01
-1.619066332558057320e-01
-1.621213993907274775e-01
-1.623361655256518044e-01
-1.625509316605782961e-01
-1.627656977955070638e-01
-1.629804639304383018e-01
-1.631952300653715382e-01
-1.634099962003070228e-01
-1.636247623352448111e-01
-1.638395284701845422e-01
-1.640542946051264661e-01
-1.642690607400705272e-01
-1.644838268750164478e-01
-1.646985930099645334e-01
-1.649133591449145897e-01
-1.651281252798664778e-01
-1.653428914148204476e-01
-1.655576575497762493e-01
-1.657724236847338273e-01
-1.659871898196934037e-01
-1.662019559546546732e-01
-1.664167220896177191e-01
-1.666314882245826523e-01
-1.668462543595491954e-01
-1.670610204945174593e-01
-1.672757866294874995e-01
-1.674905527644590664e-01
-1.677053188994323540e-01
-1.679200850344073070e-01
-1.681348511693837033e-01
-1.683496173043617650e-01
-1.685643834393413809e-01
-1.687791495743223846e-01
-1.689939157093050259e-01
-1.692086818442891105e-01
-1.694234479792745551e-01
-1.696382141142615818e-01
-1.698529802492499408e-01
-1.700677463842396597e-01
-1.702825125192308775e-01
-1.704972786542233443e-01
-1.707120447892171433e-01
-1.709268109242123579e-01
-1.711415770592087660e-01
-1.713563431942064785e-01
-1.715711093292055234e-01
-1.717858754642056784e-01
-1.720006415992071380e-01
-1.722154077342098466e-01
-1.724301738692136376e-01
-1.726449400042186777e-01
-1.728597061392248835e-01
-1.730744722742321440e-01
-1.732892384092406257e-01
-1.735040045442501899e-01
-1.737187706792607811e-01
-1.739335368142725380e-01
-1.741483029492852941e-01
-1.743630690842990771e-01
-1.745778352193139982e-01
-1.747926013543298351e-01
-1.750073674893466991e-01
-1.752221336243646177e-01
-1.754368997593834245e-01
-1.756516658944032305e-01
-1.758664320294240357e-01
-1.760811981644456736e-01
-1.762959642994683107e-01
-1.765107304344918637e-01
-1.767254965695162217e-01
-1.769402627045415510e-01
-1.771550288395677408e-01
-1.773697949745947355e-01
-1.775845611096226739e-01
-1.777993272446513895e-01
-1.780140933796809100e-01
-1.782288595147113186e-01
-1.784436256497424489e-01
-1.786583917847743841e-01
-1.788731579198071520e-01
-1.790879240548406137e-01
-1.793026901898748804e-01
-1.795174563249099242e-01
-1.797322224599456342e-01
-1.799469885949821213e-01
-1.801617547300193578e-01
-1.803765208650572327e-01
-1.805912870000958570e-01
-1.808060531351351752e-01
-1.810208192701751040e-01
-1.812355854052157822e-01
-1.814503515402570988e-01
-1.816651176752990260e-01
-1.818798838103416471e-01
-1.820946499453848788e-01
-1.823094160804287212e-01
-1.825241822154732296e-01
-1.827389483505182932e-01
-1.829537144855639674e-01
-1.831684806206102800e-01
-1.833832467556571200e-01
-1.835980128907045705e-01
-1.838127790257526040e-01
-1.840275451608011370e-01
-1.842423112958502807e-01
-1.844570774308999794e-01
-1.846718435659501500e-01
-1.848866097010009313e-01
-1.851013758360522121e-01
-1.853161419711039648e-01
-1.855309081061563004e-01
-1.857456742412091077e-01
-1.859604403762623870e-01
-1.861752065113162213e-01
-1.863899726463704720e-01
-1.866047387814252223e-01
-1.868195049164804722e-01
-1.870342710515361384e-01
-1.872490371865922765e-01
-1.874638033216489141e-01
-1.876785694567059404e-01
-1.878933355917634385e-01
-1.881081017268213806e-01
-1.883228678618797114e-01
-1.885376339969385140e-01
-1.887524001319977329e-01
-1.889671662670573127e-01
-1.891819324021173365e-01
-1.893966985371777489e-01
-1.896114646722385499e-01
-1.898262308072997673e-01
-1.900409969423613454e-01
-1.902557630774233122e-01
-1.904705292124856952e-01
-1.906852953475484114e-01
-1.909000614826114883e-01
-1.911148276176749539e-01
-1.913295937527387525e-01
-1.915443598878029119e-01
-1.917591260228674321e-01
-1.919738921579322577e-01
-1.921886582929974718e-01
-1.924034244280629913e-01
-1.926181905631288160e-01
-1.928329566981950016e-01
-1.930477228332614925e-01
-1.932624889683282887e-01
-1.934772551033954457e-01
-1.936920212384628803e-01
-1.939067873735306202e-01
-1.941215535085986932e-01
-1.943363196436670437e-01
-1.945510857787356718e-01
-1.947658519138046052e-01
-1.949806180488738161e-01
-1.951953841839433046e-01
-1.954101503190130984e-01
-1.956249164540831420e-01
-1.958396825891534632e-01
-1.960544487242240619e-01
-1.962692148592949104e-01
-1.964839809943660365e-01
-1.966987471294374124e-01
-1.969135132645090380e-01
-1.971282793995809413e-01
-1.973430455346530665e-01
-1.975578116697254416e-01
-1.977725778047980665e-01
-1.979873439398709134e-01
-1.982021100749440101e-01
-1.984168762100173566e-01
-1.986316423450908975e-01
-1.988464084801646881e-01
-1.990611746152387007e-01
-1.992759407503129077e-01
-1.994907068853873644e-01
-1.997054730204620432e-01
-1.999202391555369163e-01
-2.001350052906120114e-01
-2.003497714256873008e-01
-2.005645375607627845e-01
-2.007793036958384902e-01
-2.009940698309143903e-01
-2.012088359659904846e-01
-2.014236021010668010e-01
-2.016383682361432839e-01
-2.018531343712199611e-01
-2.020679005062968325e-01
-2.022826666413738705e-01
-2.024974327764511028e-01
-2.027121989115285294e-01
-2.029269650466061226e-01
-2.031417311816838822e-01
-2.033564973167618362e-01
-2.035712634518399566e-01
-2.037860295869182437e-01
-2.040007957219966972e-01
-2.042155618570753173e-01
-2.044303279921541039e-01
-2.046450941272330570e-01
-2.048598602623121490e-01
-2.050746263973914074e-01
-2.052893925324708324e-01
-2.055041586675503962e-01
-2.057189248026301265e-01
-2.059336909377099956e-01
-2.061484570727900034e-01
-2.063632232078701778e-01
-2.065779893429504910e-01
-2.067927554780309429e-01
-2.070075216131115614e-01
-2.072222877481922909e-01
-2.074370538832731592e-01
-2.076518200183541663e-01
-2.078665861534353121e-01
-2.080813522885165967e-01
-2.082961184235980201e-01
-2.085108845586795545e-01
-2.087256506937612277e-01
-2.089404168288430119e-01
-2.091551829639249349e-01
-2.093699490990069967e-01
-2.095847152340891695e-01
-2.097994813691714533e-01
-2.100142475042538759e-01
-2.102290136393363817e-01
-2.104437797744190264e-01
-2.106585459095017820e-01
-2.108733120445846487e-01
-2.110880781796676264e-01
-2.113028443147507152e-01
-2.115176104498339149e-01
-2.117323765849172257e-01
-2.119471427200006475e-01
-2.121619088550841525e-01
-2.123766749901677686e-01
-2.125914411252514957e-01
-2.128062072603353061e-01
-2.130209733954192275e-01
-2.132357395305032599e-01
-2.134505056655873756e-01
-2.136652718006716023e-01
-2.138800379357559123e-01
-2.140948040708403333e-01
-2.143095702059248375e-01
-2.145243363410094251e-01
-2.147391024760941236e-01
-2.149538686111789054e-01
-2.151686347462637705e-01
