-0.000000000000000000e+00
-9.791520150680133378e-07
-3.909236978821022128e-06
-8.779245091390740463e-06
-1.557822869146473753e-05
-2.429530190908847192e-05
-3.491964032104068579e-05
-4.744048060907341268e-05
-6.184712022128230325e-05
-7.812891703684615328e-05
-9.627528903434665020e-05
-1.162757139638504231e-04
-1.381197290229057607e-04
-1.617969305365759289e-04
-1.872969736415998701e-04
-2.146095719747395355e-04
-2.437244973653411183e-04
-2.746315795321048209e-04
-3.073207057840257649e-04
-3.417818207254352445e-04
-3.780049259650395429e-04
-4.159800798288197546e-04
-4.556973970766248065e-04
-4.971470486222557194e-04
-5.403192612568087638e-04
-5.852043173750112303e-04
-6.317925547042544786e-04
-6.800743660359949384e-04
-7.300401989591667924e-04
-7.816805555952160848e-04
-8.349859923343408950e-04
-8.899471195724901291e-04
-9.465546014486483223e-04
-1.004799155581905445e-03
-1.064671552807785549e-03
-1.126162616913282824e-03
-1.189263224370029366e-03
-1.253964304064996479e-03
-1.320256837028110355e-03
-1.388131856156140688e-03
-1.457580445932202826e-03
-1.528593742140197786e-03
-1.601162931573492767e-03
-1.675279251737137000e-03
-1.750933990542887604e-03
-1.828118485996313826e-03
-1.906824125875232435e-03
-1.987042347398723131e-03
-2.068764636885963952e-03
-2.151982529404118400e-03
-2.236687608404511023e-03
-2.322871505346317533e-03
-2.410525899307003599e-03
-2.499642516578741425e-03
-2.590213130250047357e-03
-2.682229559771882009e-03
-2.775683670507467400e-03
-2.870567373265086458e-03
-2.966872623813139771e-03
-3.064591422376757891e-03
-3.163715813115274434e-03
-3.264237883579893841e-03
-3.366149764150905884e-03
-3.469443627453825015e-03
-3.574111687753855644e-03
-3.680146200328123039e-03
-3.787539460815126866e-03
-3.896283804540922983e-03
-4.006371605821564680e-03
-4.117795277241377040e-03
-4.230547268906684547e-03
-4.344620067674637154e-03
-4.460006196356853386e-03
-4.576698212897617642e-03
-4.694688709526440018e-03
-4.813970311884830343e-03
-4.934535678127188393e-03
-5.056377497995779950e-03
-5.179488491869811695e-03
-5.303861409788691687e-03
-5.429489030449615936e-03
-5.556364160179685756e-03
-5.684479631882830009e-03
-5.813828303961864410e-03
-5.944403059216101654e-03
-6.076196803714980707e-03
-6.209202465648265210e-03
-6.343412994153425043e-03
-6.478821358120895844e-03
-6.615420544977973667e-03
-6.753203559452186124e-03
-6.892163422315052482e-03
-7.032293169107214567e-03
-7.173585848846001853e-03
-7.316034522716565250e-03
-7.459632262747793036e-03
-7.604372150474290014e-03
-7.750247275585775593e-03
-7.897250734565335398e-03
-8.045375629318023483e-03
-8.194615065791392011e-03
-8.344962152589589441e-03
-8.496409999582722056e-03
-8.648951716513274268e-03
-8.802580411601403088e-03
-8.957289190151025357e-03
-9.113071153158626772e-03
-9.269919395926832714e-03
-9.427827006684791344e-03
-9.586787065217474910e-03
-9.746792641506076341e-03
-9.907836794381697301e-03
-1.006991257019456375e-02
-1.023301300150104669e-02
-1.039713110577081094e-02
-1.056225988411640081e-02
-1.072839232004763055e-02
-1.089552137825315972e-02
-1.106364000341161953e-02
-1.123274111903469277e-02
-1.140281762634454826e-02
-1.157386240318799241e-02
-1.174586830298976134e-02
-1.191882815374727643e-02
-1.209273475706924665e-02
-1.226758088726042327e-02
-1.244335929045480016e-02
-1.262006268379951661e-02
-1.279768375469167614e-02
-1.297621516007024800e-02
-1.315564952576515380e-02
-1.333597944590560538e-02
-1.351719748238965936e-02
-1.369929616441692595e-02
-1.388226798808625886e-02
-1.406610541606019039e-02
-1.425080087729777532e-02
-1.443634676685743613e-02
-1.462273544577128749e-02
-1.480995924099231913e-02
-1.499801044541572079e-02
-1.518688131797551501e-02
-1.537656408381755067e-02
-1.556705093454979240e-02
-1.575833402857072796e-02
-1.595040549147656861e-02
-1.614325741654783555e-02
-1.633688186531573328e-02
-1.653127086820863068e-02
-1.672641642527882347e-02
-1.692231050700960387e-02
-1.711894505520253004e-02
-1.731631198394465929e-02
-1.751440318065538085e-02
-1.771321050721230694e-02
-1.791272580115559759e-02
-1.811294087696989352e-02
-1.831384752744297240e-02
-1.851543752510003207e-02
-1.871770262371243165e-02
-1.892063455987955459e-02
-1.912422505468234016e-02
-1.932846581540692554e-02
-1.953334853733666027e-02
-1.973886490561073404e-02
-1.994500659714741608e-02
-2.015176528262993191e-02
-2.035913262855277781e-02
-2.056710029932625264e-02
-2.077565995943684435e-02
-2.098480327566106321e-02
-2.119452191933015109e-02
-2.140480756864312703e-02
-2.161565191102544567e-02
-2.182704664553055188e-02
-2.203898348528153528e-02
-2.225145415995000153e-02
-2.246445041826928418e-02
-2.267796403057904114e-02
-2.289198679139825901e-02
-2.310651052202365024e-02
-2.332152707315043524e-02
-2.353702832751244922e-02
-2.375300620253855202e-02
-2.396945265302226347e-02
-2.418635967380161969e-02
-2.440371930244619736e-02
-2.462152362194834285e-02
-2.483976476341557410e-02
-2.505843490876127899e-02
-2.527752629339076462e-02
-2.549703120887983343e-02
-2.571694200564307239e-02
-2.593725109558912834e-02
-2.615795095476029439e-02
-2.637903412595380206e-02
-2.660049322132229666e-02
-2.682232092495106385e-02
-2.704450999540961714e-02
-2.726705326827543602e-02
-2.748994365862763092e-02
-2.771317416350850549e-02
-2.793673786435102446e-02
-2.816062792937034515e-02
-2.838483761591767060e-02
-2.860936027279477670e-02
-2.883418934252770377e-02
-2.905931836359823203e-02
-2.928474097263185361e-02
-2.951045090654109623e-02
-2.973644200462317519e-02
-2.996270821061108175e-02
-3.018924357467733799e-02
-3.041604225538978995e-02
-3.064309852161891876e-02
-3.087040675439630538e-02
-3.109796144872400275e-02
-3.132575721533469720e-02
-3.155378878240269747e-02
-3.178205099720586568e-02
-3.201053882773879922e-02
-3.223924736427766918e-02
-3.246817182089726389e-02
-3.269730753694083392e-02
-3.292664997844366864e-02
-3.315619473951118140e-02
-3.338593754365261346e-02
-3.361587424507155725e-02
-3.384600082991449932e-02
-3.407631341747885401e-02
-3.430680826138200745e-02
-3.453748175069298182e-02
-3.476833041102850297e-02
-3.499935090561534512e-02
-3.523054003632089537e-02
-3.546189474465411690e-02
-3.569341211273898556e-02
-3.592508936426285632e-02
-3.615692386540202835e-02
-3.638891312572717363e-02
-3.662105479909111977e-02
-3.685334668450183232e-02
-3.708578672698336492e-02
-3.731837301842770571e-02
-3.755110379844060764e-02
-3.778397745518451839e-02
-3.801699252622182251e-02
-3.825014769936178893e-02
-3.848344181351465165e-02
-3.871687385955636246e-02
-3.895044298120773490e-02
-3.918414847593164330e-02
-3.941798979585225959e-02
-3.965196654870026954e-02
-3.988607849878814809e-02
-4.012032556801978928e-02
-4.035470783693873020e-02
-4.058922554581955583e-02
-4.082387909580696694e-02
-4.105866905010734091e-02
-4.129359613523759381e-02
-4.152866124233636769e-02
-4.176386542854276102e-02
-4.199920991844786206e-02
-4.223469610562461535e-02
-4.247032555424169742e-02
-4.270610000076722340e-02
-4.294202135576834223e-02
-4.317809170581295847e-02
-4.341431331548002703e-02
-4.365068862948512374e-02
-4.388722027492815425e-02
-4.412391106367041793e-02
-4.436076399484837479e-02
-4.459778225753189412e-02
-4.483496923353487429e-02
-4.507232850038658117e-02
-4.530986383447228871e-02
-4.554757921435213797e-02
-4.578547882426756838e-02
-4.602356705784491075e-02
-4.626184852200630054e-02
-4.650032804109826418e-02
-4.673901066124902526e-02
-4.697790165496573689e-02
-4.721700652598363052e-02
-4.745633101437927992e-02
-4.769588110196094910e-02
-4.793566301794933981e-02
-4.817568324496276227e-02
-4.841594852532128679e-02
-4.865646586768502396e-02
-4.889724255404239578e-02
-4.913828614706487047e-02
-4.937960449784528638e-02
-4.962120575403770883e-02
-4.986309836841733983e-02
-5.010529110787988877e-02
-5.034779306290045053e-02
-5.059061365747274941e-02
-5.083376265955039108e-02
-5.107725019201251465e-02
-5.132108674417696498e-02
-5.156528318388496623e-02
-5.180985077018185336e-02
-5.205480116661920925e-02
-5.230014645520432437e-02
-5.254589915102356179e-02
-5.279207221756655743e-02
-5.303867908277867110e-02
-5.328573365586928429e-02
-5.353325034490360318e-02
-5.378124407520555594e-02
-5.402973030859887366e-02
-5.427872506351291010e-02
-5.452824493597853428e-02
-5.477830712153816672e-02
-5.502892943809186560e-02
-5.528013034969897488e-02
-5.553192899135146049e-02
-5.578434519473102898e-02
-5.603739951495707167e-02
-5.629111325832623913e-02
-5.654550851103705422e-02
-5.680060816888382602e-02
-5.705643596789339994e-02
-5.731301651586534485e-02
-5.757037532476096120e-02
-5.782853884386840448e-02
-5.808753449365001292e-02
-5.834739070015303869e-02
-5.860813692983585232e-02
-5.886980372462766870e-02
-5.913242273700040907e-02
-5.939602676478531601e-02
-5.966064978541398695e-02
-5.992632698920205558e-02
-6.019309481122323696e-02
-6.046099096124026712e-02
-6.073005445106630096e-02
-6.100032561862424318e-02
-6.127184614785041034e-02
-6.154465908345169850e-02
-6.181880883937011795e-02
-6.209434119963359866e-02
-6.237130331007582906e-02
-6.264974365918904442e-02
-6.292971204613106995e-02
-6.321125953364056804e-02
-6.349443838332267942e-02
-6.377930197045107719e-02
-6.406590467509490350e-02
-6.435430174602260744e-02
-6.464454913346602549e-02
-6.493670328645470557e-02
-6.523082091006536520e-02
-6.552695867758893955e-02
-6.582517289232076019e-02
-6.612551909345300294e-02
-6.642805160042838941e-02
-6.673282299013974517e-02
-6.703988350158263110e-02
-6.734928036304460575e-02
-6.766105703771164992e-02
-6.797525238476150033e-02
-6.829189973467210406e-02
-6.861102587967690680e-02
-6.893264998311642022e-02
-6.925678241492190523e-02
-6.958342352465016201e-02
-6.991256236835634297e-02
-7.024417541107894070e-02
-7.057822523268063308e-02
-7.091465927102086342e-02
-7.125340864261359153e-02
-7.159438708663493078e-02
-7.193749008288403968e-02
-7.228259419749721859e-02
-7.262955671126772317e-02
-7.297821558376188511e-02
-7.332838980157643793e-02
-7.367988015076501473e-02
-7.403247044165046920e-02
-7.438592919923819879e-02
-7.474001181492001544e-02
-7.509446313612816448e-02
-7.544902045137595603e-02
-7.580341681019400757e-02
-7.615738460235321750e-02
-7.651065930981648666e-02
-7.686298333911997793e-02
-7.721410984192923765e-02
-7.756380643739230196e-02
-7.791185876112351194e-02
-7.825807378123139646e-02
-7.860228284043219160e-02
-7.894434440345994564e-02
-7.928414650915542594e-02
-7.962160894535685873e-02
-7.995668518079122877e-02
-8.028936410056529416e-02
-8.061967159976028696e-02
-8.094767209231303051e-02
-8.127346998901771591e-02
-8.159721118802339135e-02
-8.191908460200118813e-02
-8.223932371572167943e-02
-8.255820812241122797e-02
-8.287606492166964267e-02
-8.319326976879173885e-02
-8.351024723604351385e-02
-8.382746997061915617e-02
-8.414545590245443851e-02
-8.446476246457811088e-02
-8.478597645191353338e-02
-8.510969780739872925e-02
-8.543651539328669942e-02
-8.576697288142956510e-02
-8.610152360238056135e-02
-8.644047495825764316e-02
-8.678392623390937533e-02
-8.713170839275340140e-02
-8.748333990334952737e-02
-8.783801664190279967e-02
-8.819465310980201256e-02
-8.855198361803305607e-02
-8.890871586295934215e-02
-8.926371069939233183e-02
-8.961614969359450733e-02
-8.996565306898407499e-02
-9.031232462853083787e-02
-9.065671972680144908e-02
-9.099974834958286796e-02
-9.134253306940422201e-02
-9.168624218584454921e-02
-9.203191621510108111e-02
-9.238030531046130533e-02
-9.273173769585020543e-02
-9.308604271509952899e-02
-9.344255173098695022e-02
-9.380019071239267814e-02
-9.415765867068219552e-02
-9.451366185305691558e-02
-9.486715577285272094e-02
-9.521754507114900401e-02
-9.556480542350401231e-02
-9.590951350117470076e-02
-9.625278886799444600e-02
-9.659615892242406909e-02
-9.694135577083963506e-02
-9.729005006853903847e-02
-9.764353296556828321e-02
-9.800238430688211488e-02
-9.836621371670666025e-02
-9.873360552218830855e-02
-9.910238301439139308e-02
-9.947018815795120872e-02
-9.983519269887626557e-02
-1.001966515926947521e-01
-1.005550773580733415e-01
-1.009119959823501084e-01
-1.012693998778321919e-01
-1.016290746552850621e-01
-1.019919830750994488e-01
-1.023578902542200547e-01
-1.027253904027066317e-01
-1.030923859101826739e-01
-1.034568740169826973e-01
-1.038177322797641244e-01
-1.041751952219868022e-01
-1.045308715530400695e-01
-1.048873235608047405e-01
-1.052473162673993601e-01
-1.056128815972763313e-01
-1.059844404410012209e-01
-1.063603939460278786e-01
-1.067376113992777042e-01
-1.071128121355616053e-01
-1.074841378556718741e-01
-1.078519614477538024e-01
-1.082185008088407119e-01
-1.085865320810026624e-01
-1.089578636779078569e-01
-1.093322904806128121e-01
-1.097076241993307083e-01
-1.100809205543967356e-01
-1.104502528416162338e-01
-1.108159645463635684e-01
-1.111807107918204862e-01
-1.115483081934898896e-01
-1.119218635417739000e-01
-1.123019438165989425e-01
-1.126859101915837630e-01
-1.130693344944027900e-01
-1.134488794793185595e-01
-1.138244297073278122e-01
-1.141988075596330338e-01
-1.145754471988084111e-01
-1.149557204550429729e-01
-1.153377759365228766e-01
-1.157179298293149194e-01
-1.160937071054810032e-01
-1.164660844934999190e-01
-1.168391997309531916e-01
-1.172177348247162021e-01
-1.176035212760401377e-01
-1.179937571557125031e-01
-1.183829691953324909e-01
-1.187676195355171355e-01
-1.191488913178969100e-01
-1.195309807124818463e-01
-1.199167558686037027e-01
-1.203047833995066485e-01
-1.206906857055792676e-01
-1.210717916280443229e-01
-1.214503590076439488e-01
-1.218321476027150324e-01
-1.222214865179389459e-01
-1.226169209863462312e-01
-1.230122034870113623e-01
-1.234026934507640033e-01
-1.237899001405665805e-01
-1.241788275370928341e-01
-1.245715679878022647e-01
-1.249645603525019050e-01
-1.253530785688873606e-01
-1.257377002539306066e-01
-1.261247051416481968e-01
-1.265196539555413502e-01
-1.269208034569358490e-01
-1.273207012052977871e-01
-1.277153226263816055e-01
-1.281083511402189568e-01
-1.285048821058696056e-01
-1.289036677566459677e-01
-1.292988788918632004e-01
-1.296893071977734402e-01
-1.300815661479676755e-01
-1.304822577345964296e-01
-1.308888793529399130e-01
-1.312928448422918393e-01
-1.316916790934993253e-01
-1.320911710908311276e-01
-1.324946027759330569e-01
-1.328968776238802219e-01
-1.332935832647625662e-01
-1.336900583405390974e-01
-1.340947923098592953e-01
-1.345063679603812345e-01
-1.349152022662698236e-01
-1.353189771714500278e-01
-1.357244566816556974e-01
-1.361332599603716775e-01
-1.365384992399503172e-01
-1.369390802995398837e-01
-1.373444497252750696e-01
-1.377593236917580011e-01
-1.381748626728612206e-01
-1.385845152706881300e-01
-1.389943779718527395e-01
-1.394079981484830921e-01
-1.398182534850249403e-01
-1.402238806137033889e-01
-1.406355561250681174e-01
-1.410564366664382729e-01
-1.414754470092582650e-01
-1.418892663367380680e-01
-1.423059208257525798e-01
-1.427238108413557138e-01
-1.431356796910553675e-01
-1.435486952180337616e-01
-1.439722852935088060e-01
-1.443977866699448498e-01
-1.448171606126999189e-01
-1.452381115453185711e-01
-1.456610855797242365e-01
-1.460779966340951808e-01
-1.464964286211837829e-01
-1.469258324630207113e-01
-1.473553709867703732e-01
-1.477793185065282289e-01
-1.482065328540219107e-01
-1.486327709179986467e-01
-1.490534879086862774e-01
-1.494819805816907654e-01
-1.499183796791937751e-01
-1.503490675365840856e-01
-1.507794951850427445e-01
-1.512122478756070532e-01
-1.516386667391398935e-01
-1.520695175719370962e-01
-1.525107130968471059e-01
-1.529473324612160845e-01
-1.533825859255035506e-01
-1.538203457713063216e-01
-1.542517184678617315e-01
-1.546888389352323590e-01
-1.551353446042321449e-01
-1.555759990908650026e-01
-1.560175672412999204e-01
-1.564589415965014774e-01
-1.568952796034376040e-01
-1.573426914260984133e-01
-1.577928716513701257e-01
-1.582377292705423322e-01
-1.586860481667899947e-01
-1.591284819175994569e-01
-1.595757296006497516e-01
-1.600326756150622920e-01
-1.604834165713859562e-01
-1.609365601691964409e-01
-1.613858625543140302e-01
-1.618362365614744447e-01
-1.622984502917763361e-01
-1.627551969115638708e-01
-1.632135837143830204e-01
-1.636683656261716524e-01
-1.641247908066642835e-01
-1.645926299990161656e-01
-1.650545538183054717e-01
-1.655188909255801699e-01
-1.659778574388098282e-01
-1.664435624819280146e-01
-1.669163385332655958e-01
-1.673838603552212367e-01
-1.678532050625616556e-01
-1.683175068225081228e-01
-1.687950425111898467e-01
-1.692701804751968464e-01
-1.697455615651618788e-01
-1.702167246310823112e-01
-1.706940828980930414e-01
-1.711783100439029648e-01
-1.716582886276985243e-01
-1.721378869861267258e-01
-1.726169628011223200e-01
-1.731081557968112972e-01
-1.735940334950590302e-01
-1.740808625012869870e-01
-1.745646491338525008e-01
-1.750619114941253662e-01
-1.755544058640254867e-01
-1.760476663437635925e-01
-1.765379964550546077e-01
-1.770417493477526583e-01
-1.775409237814243035e-01
-1.780400381435133794e-01
-1.785386765660184893e-01
-1.790490432380819619e-01
-1.795551714619876005e-01
-1.800592387437947028e-01
-1.805689411380119180e-01
-1.810847689787849768e-01
-1.815982902184931358e-01
-1.821077972069987394e-01
-1.826302060935519056e-01
-1.831510547192130578e-01
-1.836704665829290428e-01
-1.841917051582323273e-01
-1.847226542992314591e-01
-1.852504333175549189e-01
-1.857748597059887818e-01
-1.863122599795117296e-01
-1.868482186755951735e-01
-1.873811517868272658e-01
-1.879218359078698997e-01
-1.884671294309125389e-01
-1.890088801955757403e-01
-1.895535375648982612e-01
-1.901076806716411050e-01
-1.906577940806718496e-01
-1.912085047353559442e-01
-1.917706357814478735e-01
-1.923291896064873996e-01
-1.928876652034242634e-01
-1.934577599921612490e-01
-1.940247382051995262e-01
-1.945922320545761808e-01
-1.951709101043793138e-01
-1.957458205512871696e-01
-1.963235579644052875e-01
-1.969117870583066421e-01
-1.974938154927132206e-01
-1.980828541246015817e-01
-1.986817258254112151e-01
-1.992715317129406805e-01
-1.998717496550295181e-01
-2.004806162708638040e-01
-2.010833031660759218e-01
-2.016952024782958097e-01
-2.023080653471554524e-01
-2.029276259667018578e-01
-2.035575501988402813e-01
-2.041752199640599341e-01
-2.048042832566111526e-01
-2.054430771872456096e-01
-2.060851298499475071e-01
-2.067359386522225062e-01
-2.073726812023043431e-01
-2.080209526706375267e-01
-2.086789970706132147e-01
-2.093485337629963916e-01
-2.100314077801539447e-01
-2.107014082665407129e-01
-2.113752897990393287e-01
-2.120384460640271362e-01
-2.127166680121642950e-01
-2.134078611258391767e-01
-2.141186700921271224e-01
-2.148501204462989755e-01
-2.155872374787299317e-01
-2.163372163505121459e-01
-2.170758107439890727e-01
-2.178177437782869985e-01
-2.185397195077240784e-01
-2.192609927971632400e-01
-2.199616886011022954e-01
-2.206616435697409395e-01
-2.213431348815364519e-01
-2.220245396801442672e-01
-2.226888037309752988e-01
-2.233525754477012348e-01
-2.239988751701270930e-01
-2.246433827949273765e-01
-2.252698886225250330e-01
-2.258945090746384832e-01
-2.265039073761378474e-01
-2.271159150133409410e-01
-2.277229028996662907e-01
-2.283432705337249957e-01
-2.289765558354064923e-01
-2.296339316774850259e-01
-2.303181307661522348e-01
-2.310198936101764688e-01
-2.317366467209029945e-01
-2.324445594520268554e-01
-2.331506598976135491e-01
-2.338541433202129260e-01
-2.345793539176034281e-01
-2.353318313141239959e-01
-2.360953390410681640e-01
-2.368621015566672039e-01
-2.376258654985655139e-01
-2.384108414005368104e-01
-2.392195510076149112e-01
-2.400333711974673434e-01
-2.408548595148890525e-01
-2.416962326325608756e-01
-2.425502355567791812e-01
-2.434158615273007975e-01
-2.442984224691953088e-01
-2.451914159150474504e-01
-2.461032804038684463e-01
-2.470296415118655164e-01
-2.479724045886637640e-01
-2.489385466470338260e-01
-2.499040121603689768e-01
-2.509207958606660682e-01
-2.519247305381382418e-01
-2.529740245827715728e-01
-2.540106962060924567e-01
-2.551272485952164049e-01
-2.562064153600643324e-01
-2.573581849124372267e-01
-2.584732630319822588e-01
-2.596526231477990221e-01
-2.609148054642114190e-01
-2.620983975307316638e-01
-2.633559560517506060e-01
-2.646843154164663092e-01
-2.659160547330349234e-01
-2.671661657192232475e-01
-2.686272015822914194e-01
-2.702672309169997233e-01
-2.719103494200224014e-01
-2.734330524010084584e-01
-2.748046624481367273e-01
-2.760471463717728557e-01
-2.771990260699616071e-01
-2.782967093117183488e-01
-2.793678304835139903e-01
-2.804301867561318495e-01
-2.814924291049316629e-01
-2.825549480741442743e-01
-2.836108216746676125e-01
-2.846474267281975390e-01
-2.856492986250973587e-01
-2.866021181625183489e-01
-2.874967963259950077e-01
-2.883322962107351395e-01
-2.891164943642817731e-01
-2.898654958376029045e-01
-2.906023245295716317e-01
-2.913552005661857458e-01
-2.921535193351343374e-01
-2.930168629536635261e-01
-2.939358230137897321e-01
-2.948657264784388943e-01
-2.957622085754467722e-01
-2.966246343119549600e-01
-2.974907656278982238e-01
-2.983927073641663430e-01
-2.993162577496114030e-01
-3.002179885610989363e-01
-3.010912326383866633e-01
-3.019778714553096877e-01
-3.029055229098132074e-01
-3.038397716437481466e-01
-3.047465914705136947e-01
-3.056540164744696586e-01
-3.065857759203500232e-01
-3.075085939230697840e-01
-3.084118631767999719e-01
-3.093359689319039041e-01
-3.102764449912439049e-01
-3.111970221224489297e-01
-3.121200711932224925e-01
-3.130567220742371815e-01
-3.139760447542631061e-01
-3.148989321242564587e-01
-3.158389450252463981e-01
-3.167640843082772384e-01
-3.176922012119836602e-01
-3.186262494023140435e-01
-3.195459231332163363e-01
-3.204785456137675959e-01
-3.214100702902686346e-01
-3.223335946140082342e-01
-3.232661638477224431e-01
-3.241868977247439054e-01
-3.251149135150399050e-01
-3.260429608605468488e-01
-3.269645824083959318e-01
-3.278921194311259502e-01
-3.288095356179789874e-01
-3.297354509356391072e-01
-3.306551070570655781e-01
-3.315756638090524566e-01
-3.324941204676904460e-01
-3.334098049579863887e-01
-3.343291138767592319e-01
-3.352418019164655205e-01
-3.361579887047900783e-01
-3.370669725275527995e-01
-3.379812874665801270e-01
-3.388887639263524210e-01
-3.397992660444495439e-01
-3.407033206784670920e-01
-3.416111076828720061e-01
-3.425134054117586202e-01
-3.434175270654708512e-01
-3.443161626655552032e-01
-3.452174565025372122e-01
-3.461137756786379360e-01
-3.470114885903977098e-01
-3.479040478343130571e-01
-3.487988260614981462e-01
-3.496887549725108402e-01
-3.505797162231535369e-01
-3.514661670559743323e-01
-3.523538167081620154e-01
-3.532376192822344607e-01
-3.541209681415216082e-01
-3.550018533053397873e-01
-3.558814773215688843e-01
-3.567596132167399903e-01
-3.576348256475221921e-01
-3.585101150351792110e-01
-3.593818977536971104e-01
-3.602536309408599369e-01
-3.611219205991013093e-01
-3.619899280816241127e-01
-3.628554598604797898e-01
-3.637190647044322711e-01
-3.645817919988206812e-01
-3.654416552623594439e-01
-3.663010039957790287e-01
-3.671573591922997482e-01
-3.680129230245151040e-01
-3.688664565499317760e-01
-3.697177684620955307e-01
-3.705683432234371244e-01
-3.714161546853756435e-01
-3.722630312753339443e-01
-3.731077670542706226e-01
-3.739507208804639382e-01
-3.747924746984054867e-01
-3.756316630007823787e-01
-3.764699338520541283e-01
-3.773061396911718823e-01
-3.781404372438286199e-01
-3.789736468130474600e-01
-3.798045194458541385e-01
-3.806341196102733804e-01
-3.814619965873511376e-01
-3.822878934099072090e-01
-3.831126015570693877e-01
-3.839352004081460490e-01
-3.847562994339194797e-01
-3.855759363794342698e-01
-3.863934875417314729e-01
-3.872097947682978103e-01
-3.880243546843998859e-01
-3.888370708938284070e-01
-3.896485412287053474e-01
-3.904581323556953754e-01
-3.912661285389633092e-01
-3.920727459669547388e-01
-3.928774997868794694e-01
-3.936808146798291275e-01
-3.944826100307129990e-01
-3.952826359028102088e-01
-3.960812830855974798e-01
-3.968783211432137525e-01
-3.976737006637803828e-01
-3.984677025900921210e-01
-3.992600642973821445e-01
-4.000508616398548711e-01
-4.008402600235778657e-01
-4.016280299259981090e-01
-4.024143029166737384e-01
-4.031991558344658610e-01
-4.039824159798689474e-01
-4.047642228635532913e-01
-4.055445983014592248e-01
-4.063234266278193951e-01
-4.071008287971181194e-01
-4.078767992749992577e-01
-4.086512702054941326e-01
-4.094243325952329760e-01
-4.101959719333321819e-01
-4.109661576172908837e-01
-4.117349481800457456e-01
-4.125023300143420557e-01
-4.132683014490710627e-01
-4.140328904933298637e-01
-4.147960878810316165e-01
-4.155579156827386988e-01
-4.163183753775153151e-01
-4.170774609932456078e-01
-4.178352158471521083e-01
-4.185916199395650628e-01
-4.193466665746427013e-01
-4.201004194849103923e-01
-4.208528431709148698e-01
-4.216039243919616486e-01
-4.223537468630150782e-01
-4.231022667257257619e-01
-4.238494576126411451e-01
-4.245954218770305322e-01
-4.253401158207854582e-01
-4.260834937106075526e-01
-4.268256730943689181e-01
-4.275666202377109149e-01
-4.283062653804172726e-01
-4.290447348670518579e-01
-4.297820154061773312e-01
-4.305180114219227527e-01
-4.312528484369684278e-01
-4.319865435455468305e-01
-4.327189775874717426e-01
-4.334502629749888425e-01
-4.341804548552436471e-01
-4.349094174440375493e-01
-4.356372365478896058e-01
-4.363640087760177200e-01
-4.370895933774273656e-01
-4.378140370862901865e-01
-4.385374753861940311e-01
-4.392597779203569197e-01
-4.399809435065235586e-01
-4.407011370268859030e-01
-4.414202555799734418e-01
-4.421382471812232429e-01
-4.428552902405342717e-01
-4.435713252492656800e-01
-4.442862539233602415e-01
-4.450002480436203722e-01
-4.457133031269637224e-01
-4.464252865389887193e-01
-4.471363424551310084e-01
-4.478465259050414260e-01
-4.485556878491903099e-01
-4.492639271201021578e-01
-4.499713538961837012e-01
-4.506778239488350435e-01
-4.513833798606194936e-01
-4.520881738202415789e-01
-4.527920874226815107e-01
-4.534951050714409182e-01
-4.541974011310510040e-01
-4.548989002963395034e-01
-4.555995360032016883e-01
-4.562994819565572846e-01
-4.569987166193775763e-01
-4.576971370528222227e-01
-4.583948948435171977e-01
-4.590920246865086707e-01
-4.597884061427914282e-01
-4.604841524853965917e-01
-4.611793489395411560e-01
-4.618738771243569019e-01
-4.625678034791769755e-01
-4.632612515406437925e-01
-4.639541219541922779e-01
-4.646464339634642782e-01
-4.653383334947668315e-01
-4.660297522546428817e-01
-4.667206688092790379e-01
-4.674112350782241854e-01
-4.681014198237712920e-01
-4.687911719213693762e-01
-4.694806352471568855e-01
-4.701698157059228667e-01
-4.708586451804402939e-01
-4.715472496675152114e-01
-4.722356675141555771e-01
-4.729238255926226930e-01
-4.736118270049606838e-01
-4.742997347487576398e-01
-4.749874802627035986e-01
-4.756751431015206477e-01
-4.763628018414048926e-01
-4.770503988269458873e-01
-4.777379926246038688e-01
-4.784256685762860450e-01
-4.791133829565494828e-01
-4.798011777157435431e-01
-4.804891374426042971e-01
-4.811772325026119623e-01
-4.818654931356156634e-01
-4.825539974260708020e-01
-4.832427278601795217e-01
-4.839317074621932169e-01
-4.846210038270773457e-01
-4.853106082639040975e-01
-4.860005401231217159e-01
-4.866908539773130982e-01
-4.873815460785766995e-01
-4.880726345077746609e-01
-4.887641592883819053e-01
-4.894561177957453824e-01
-4.901485281778397707e-01
-4.908414149624434342e-01
-4.915347734441449790e-01
-4.922286223099412439e-01
-4.929229699305940904e-01
-4.936178074427218232e-01
-4.943131539001203167e-01
-4.950090010496579485e-01
-4.957053354039452353e-01
-4.964021757136055091e-01
-4.970994969844866884e-01
-4.977972826564970310e-01
-4.984955500279817375e-01
-4.991942580049228972e-01
-4.998933907055054249e-01
-5.005929622474570850e-01
-5.012929174455180714e-01
-5.019932467904426598e-01
-5.026939587882386373e-01
-5.033949881985635422e-01
-5.040963386390979739e-01
-5.047980099011302180e-01
-5.054999331980728483e-01
-5.062021315687001977e-01
-5.069045926971857963e-01
-5.076072531276036859e-01
-5.083101592932688373e-01
-5.090132839165664169e-01
-5.097165791977754656e-01
-5.104201150095659667e-01
-5.111238479320118211e-01
-5.118277558541002303e-01
-5.125319275227002702e-01
-5.132363049286179368e-01
-5.139408991939957705e-01
-5.146458094245327519e-01
-5.153509677948534540e-01
-5.160564217426979461e-01
-5.167622701636724880e-01
-5.174684429706863931e-01
-5.181750214938445342e-01
-5.188820943132005370e-01
-5.195895980562444949e-01
-5.202976403163003249e-01
-5.210062920045154256e-01
-5.217155049718452675e-01
-5.224254018069536265e-01
-5.231360325097544894e-01
-5.238473703820605287e-01
-5.245595404231191416e-01
-5.252725727287804736e-01
-5.259864648088697914e-01
-5.267013325442456706e-01
-5.274171904590490012e-01
-5.281340592782012289e-01
-5.288520371044610480e-01
-5.295711290149724970e-01
-5.302913747904853814e-01
-5.310128498885643422e-01
-5.317355562419135984e-01
-5.324595465165669061e-01
-5.331848724662844319e-01
-5.339115380781562781e-01
-5.346396020621672074e-01
-5.353690945406118784e-01
-5.361000249142391372e-01
-5.368324516126738999e-01
-5.375663872762987960e-01
-5.383018480636778680e-01
-5.390388871428075657e-01
-5.397775047752554345e-01
-5.405177234684542809e-01
-5.412595878888648571e-01
-5.420030910080334552e-01
-5.427482600374841093e-01
-5.434951296599466186e-01
-5.442436899418464646e-01
-5.449939705131986445e-01
-5.457459960909836205e-01
-5.464997571360292739e-01
-5.472552833088963897e-01
-5.480125904724015840e-01
-5.487716715872039686e-01
-5.495325542580904443e-01
-5.502952472534797801e-01
-5.510597470391931374e-01
-5.518260776223846698e-01
-5.525942426806361718e-01
-5.533642423074897065e-01
-5.541360960075262243e-01
-5.549098042978769518e-01
-5.556853704086495149e-01
-5.564628090481544831e-01
-5.572421192180297966e-01
-5.580233064460110581e-01
-5.588063808580258085e-01
-5.595913411882645905e-01
-5.603781943025889500e-01
-5.611669463229114196e-01
-5.619575965394931760e-01
-5.627501522468245643e-01
-5.635446163545869691e-01
-5.643409891415925861e-01
-5.651392775813257607e-01
-5.659394822397022518e-01
-5.667416044967634736e-01
-5.675456504697650173e-01
-5.683516192167874514e-01
-5.691595131003499564e-01
-5.699693370706918616e-01
-5.707810894052008921e-01
-5.715947731881009242e-01
-5.724103920946106427e-01
-5.732279441961219968e-01
-5.740474329751212856e-01
-5.748688608858406601e-01
-5.756922262006568536e-01
-5.765175324771251164e-01
-5.773447811155766329e-01
-5.781739708354619589e-01
-5.790051049904982872e-01
-5.798381841584201446e-01
-5.806732076129039744e-01
-5.815101782948658427e-01
-5.823490962120524417e-01
-5.831899611910343895e-01
-5.840327756306398221e-01
-5.848775392088597647e-01
-5.857242522286432163e-01
-5.865729164944463170e-01
-5.874235315591801454e-01
-5.882760980822709929e-01
-5.891306172873093105e-01
-5.899870887582735479e-01
-5.908455133751252530e-01
-5.917058918438224957e-01
-5.925682238829186321e-01
-5.934325104621660518e-01
-5.942987518650976186e-01
-5.951669479985146616e-01
-5.960370998109947305e-01
-5.969092072738432231e-01
-5.977832704935069907e-01
-5.986592903144251077e-01
-5.995372665063388729e-01
-6.004171993546938424e-01
-6.012990895475688324e-01
-6.021829367531733590e-01
-6.030687413943504049e-01
-6.039565039798057144e-01
-6.048462241582884813e-01
-6.057379024380121768e-01
-6.066315391500217702e-01
-6.075271339840061513e-01
-6.084246874800727234e-01
-6.093241998118875680e-01
-6.102256707482200948e-01
-6.111291008130003144e-01
-6.120344900546518252e-01
-6.129418383387442715e-01
-6.138511461348947762e-01
-6.147624134038803811e-01
-6.156756401088560038e-01
-6.165908266392260417e-01
-6.175079729057214584e-01
-6.184270789573114158e-01
-6.193481450898927765e-01
-6.202711711976041098e-01
-6.211961573955041560e-01
-6.221231038841640304e-01
-6.230520105677220810e-01
-6.239828776039495484e-01
-6.249157051056015710e-01
-6.258504930052202209e-01
-6.267872414798865144e-01
-6.277259505686823005e-01
-6.286666202426453021e-01
-6.296092506774749742e-01
-6.305538418565294068e-01
-6.315003937919356769e-01
-6.324489066418065297e-01
-6.333993803529082145e-01
-6.343518149750000390e-01
-6.353062106377427298e-01
-6.362625672694370849e-01
-6.372208849497486005e-01
-6.381811637744195798e-01
-6.391434036687911879e-01
-6.401076047322908913e-01
-6.410737670261188459e-01
-6.420418904845432984e-01
-6.430119752158978130e-01
-6.439840212500878014e-01
-6.449580285381678602e-01
-6.459339971872226638e-01
-6.469119272017928024e-01
-6.478918185536485241e-01
-6.488736713402006862e-01
-6.498574855480112600e-01
-6.508432611700488701e-01
-6.518309982879776365e-01
-6.528206968780966291e-01
-6.538123569523497380e-01
-6.548059785731649152e-01
-6.558015617136992992e-01
-6.567991064008059654e-01
-6.577986126766726116e-01
-6.588000805171734253e-01
-6.598035099590341401e-01
-6.608089010253317408e-01
-6.618162536988648759e-01
-6.628255680210118905e-01
-6.638368439984886349e-01
-6.648500816234438338e-01
-6.658652809371425896e-01
-6.668824419337210374e-01
-6.679015646154140562e-01
-6.689226490195147035e-01
-6.699456951318066844e-01
-6.709707029639159215e-01
-6.719976725464693601e-01
-6.730266038610513979e-01
-6.740574969269168548e-01
-6.750903517665728382e-01
-6.761251683610697283e-01
-6.771619467348716226e-01
-6.782006869020759110e-01
-6.792413888460931970e-01
-6.802840525939224392e-01
-6.813286781519332092e-01
-6.823752655078726415e-01
-6.834238146886975063e-01
-6.844743256944427756e-01
-6.855267985182272872e-01
-6.865812331847613859e-01
-6.876376296895598816e-01
-6.886959880312882865e-01
-6.897563082307619498e-01
-6.908185902809295120e-01
-6.918828341854742492e-01
-6.929490399603116524e-01
-6.940172075976748234e-01
-6.950873371052325167e-01
-6.961594284936409860e-01
-6.972334817559766584e-01
-6.983094969025753773e-01
-6.993874739390502082e-01
-7.004674128604690964e-01
-7.015493136784347605e-01
-7.026331763941897623e-01
-7.037190010054765743e-01
-7.048067875238583913e-01
-7.058965359471885970e-01
-7.069882462761101216e-01
-7.080819185210656119e-01
-7.091775526776533667e-01
-7.102751487492416915e-01
-7.113747067443798588e-01
-7.124762266575528358e-01
-7.135797084943694690e-01
-7.146851522610531138e-01
-7.157925579520046933e-01
-7.169019255743873664e-01
-7.180132551319956535e-01
-7.191265466199752154e-01
-7.202418000462684766e-01
-7.213590154124225329e-01
-7.224781927149042104e-01
-7.235993319616736974e-01
-7.247224331524272367e-01
-7.258474962852621282e-01
-7.269745213674919659e-01
-7.281035083974927158e-01
-7.292344573750492165e-01
-7.303673683063209854e-01
-7.315022411889460230e-01
-7.326390760242419420e-01
-7.337778728168946607e-01
-7.349186315643648770e-01
-7.360613522691921151e-01
-7.372060349344636832e-01
-7.383526795579422597e-01
-7.395012861429850481e-01
-7.406518546911342593e-01
-7.418043852008127104e-01
-7.429588776757597435e-01
-7.441153321161709799e-01
-7.452737485213459800e-01
-7.464341268949947761e-01
-7.475964672362668262e-01
-7.487607695454117085e-01
-7.499270338257653101e-01
-7.510952600757853093e-01
-7.522654482966166789e-01
-7.534375984909715829e-01
-7.546117106569778521e-01
-7.557877847965200901e-01
-7.569658209115444070e-01
-7.581458190001798547e-01
-7.593277790648261805e-01
-7.605117011066284682e-01
-7.616975851239862205e-01
-7.628854311195580884e-01
-7.640752390937469718e-01
-7.652670090454115615e-01
-7.664607409772148383e-01
-7.676564348889489686e-01
-7.688540907800337498e-01
-7.700537086529118946e-01
-7.712552885069426933e-01
-7.724588303421252578e-01
-7.736643341605079494e-01
-7.748717999612149132e-01
-7.760812277447706187e-01
-7.772926175127186088e-01
-7.785059692641390638e-01
-7.797212829999744521e-01
-7.809385587212186453e-01
-7.821577964270732819e-01
-7.833789961187580531e-01
-7.846021577967342564e-01
-7.858272814604492229e-01
-7.870543671112475437e-01
-7.882834147491261101e-01
-7.895144243738531076e-01
-7.907473959867532542e-01
-7.919823295874639513e-01
-7.932192251760993296e-01
-7.944580827538418877e-01
-7.956989023200945477e-01
-7.969416838752970689e-01
-7.981864274204008014e-01
-7.994331329547029741e-01
-8.006818004789116872e-01
-8.019324299936969602e-01
-8.031850214983683456e-01
-8.044395749938204609e-01
-8.056960904804295609e-01
-8.069545679576147768e-01
-8.082150074263625417e-01
-8.094774088867781048e-01
-8.107417723384577890e-01
-8.120080977823859181e-01
-8.132763852184455855e-01
-8.145466346464468321e-01
-8.158188460672881614e-01
-8.170930194806974578e-01
-8.183691548867036980e-01
-8.196472522860548393e-01
-8.209273116783976088e-01
-8.222093330639586028e-01
-8.234933164432938213e-01
-8.247792618160408873e-01
-8.260671691825826057e-01
-8.273570385432661434e-01
-8.286488698977826362e-01
-8.299426632466168074e-01
-8.312384185899142075e-01
-8.325361359274660034e-01
-8.338358152598004391e-01
-8.351374565868876498e-01
-8.364410599086472553e-01
-8.377466252255949541e-01
-8.390541525375663223e-01
-8.403636418446183143e-01
-8.416750931472068986e-01
-8.429885064450816090e-01
-8.443038817384280748e-01
-8.456212190276082286e-01
-8.469405183123357439e-01
-8.482617795929017213e-01
-8.495850028695550726e-01
-8.509101881420196856e-01
-8.522373354106590471e-01
-8.535664446756048296e-01
-8.548975159366292154e-01
-8.562305491941301083e-01
-8.575655444481316003e-01
-8.589025016984802585e-01
-8.602414209455706562e-01
-8.615823021893397327e-01
-8.629251454297223178e-01
-8.642699506670760146e-01
-8.656167179012776991e-01
-8.669654471323517964e-01
-8.683161383605930705e-01
-8.696687915858487550e-01
-8.710234068082234327e-01
-8.723799840279323758e-01
-8.737385232448224848e-01
-8.750990244590612921e-01
-8.764614876707780278e-01
-8.778259128798446831e-01
-8.791923000864688698e-01
-8.805606492906972171e-01
-8.819309604924460144e-01
-8.833032336919383054e-01
-8.846774688891495542e-01
-8.860536660840512280e-01
-8.874318252768589321e-01
-8.888119464674939518e-01
-8.901940296559864851e-01
-8.915780748425249369e-01
-8.929640820269969526e-01
-8.943520512094871311e-01
-8.957419823901425771e-01
-8.971338755688386124e-01
-8.985277307457038010e-01
-8.999235479208366195e-01
-9.013213270941190514e-01
-9.027210682657096363e-01
-9.041227714356564471e-01
-9.055264366038642265e-01
-9.069320637705050592e-01
-9.083396529355812765e-01
-9.097492040990311502e-01
-9.111607172610238781e-01
-9.125741924215253764e-01
-9.139896295805127746e-01
-9.154070287381380622e-01
-9.168263898943426193e-01
-9.182477130491426554e-01
-9.196709982026619601e-01
-9.210962453548304785e-01
-9.225234545056992808e-01
-9.239526256553566297e-01
-9.253837588037341355e-01
-9.268168539509096249e-01
-9.282519110969336129e-01
-9.296889302417500334e-01
-9.311279113854533662e-01
-9.325688545280581554e-01
-9.340117596695290958e-01
-9.354566268099662185e-01
-9.369034559493533143e-01
-9.383522470876803911e-01
-9.398030002250429282e-01
-9.412557153614016237e-01
-9.427103924967731308e-01
-9.441670316312398281e-01
-9.456256327647485360e-01
-9.470861958973403327e-01
-9.485487210290782789e-01
-9.500132081599049760e-01
-9.514796572898808202e-01
-9.529480684190466677e-01
-9.544184415473492278e-01
-9.558907766748618862e-01
-9.573650738016026285e-01
-9.588413329275294883e-01
-9.603195540527211804e-01
-9.617997371771752624e-01
-9.632818823008656439e-01
-9.647659894238690415e-01
-9.662520585461668032e-01
-9.677400896677511577e-01
-9.692300827886902725e-01
-9.707220379089548379e-01
-9.722159550285551788e-01
-9.737118341475459182e-01
-9.752096752658933054e-01
-9.767094783836235417e-01
-9.782112435007747075e-01
-9.797149706173144956e-01
-9.812206597332810976e-01
-9.827283108486949414e-01
-9.842379239635303811e-01
-9.857494990778326027e-01
-9.872630361916054920e-01
-9.887785353048336168e-01
-9.902959964175641616e-01
-9.918154195297870235e-01
-9.933368046414990937e-01
-9.948601517527447813e-01
-9.963854608635036580e-01
-9.979127319737851609e-01
-9.994419650836271485e-01
-1.000973160193003197e+00
-1.002506317301934402e+00
-1.004041436410448851e+00
-1.005578517518519011e+00
-1.007117560626174635e+00
-1.008658565733433488e+00
-1.010201532840270255e+00
-1.011746461946720688e+00
-1.013293353052791446e+00
-1.014842206158463211e+00
-1.016393021263773955e+00
-1.017945798368720567e+00
-1.019500537473291946e+00
-1.021057238577524284e+00
-1.022615901681407369e+00
-1.024176526784938757e+00
-1.025739113888150422e+00
-1.027303662991027267e+00
-1.028870174093575507e+00
-1.030438647195820456e+00
-1.032009082297745239e+00
-1.033581479399363845e+00
-1.035155838500693148e+00
-1.036732159601717385e+00
-1.038310442702456093e+00
-1.039890687802917713e+00
-1.041472894903090030e+00
-1.043057064002995693e+00
-1.044643195102635147e+00
-1.046231288202001508e+00
-1.047821343301117869e+00
-1.049413360399978234e+00
-1.051007339498581716e+00
-1.052603280596950075e+00
-1.054201183695072208e+00
-1.055801048792953667e+00
-1.057402875890612437e+00
-1.059006664988035196e+00
-1.060612416085232823e+00
-1.062220129182218642e+00
-1.063829804278978663e+00
-1.065441441375528431e+00
-1.067055040471875715e+00
-1.068670601568008083e+00
-1.070288124663943741e+00
-1.071907609759684910e+00
-1.073529056855222485e+00
-1.075152465950575564e+00
-1.076777837045741704e+00
-1.078405170140715796e+00
-1.080034465235516050e+00
-1.081665722330136470e+00
-1.083298941424576389e+00
-1.084934122518851574e+00
-1.086571265612954029e+00
-1.088210370706887531e+00
-1.089851437800664291e+00
-1.091494466894275428e+00
-1.093139457987728491e+00
-1.094786411081031474e+00
-1.096435326174176383e+00
-1.098086203267173433e+00
-1.099739042360026398e+00
-1.101393843452729060e+00
-1.103050606545293189e+00
-1.104709331637718339e+00
-1.106370018730001403e+00
-1.108032667822154149e+00
-1.109697278914172802e+00
-1.111363852006057584e+00
-1.113032387097819154e+00
-1.114702884189451737e+00
-1.116375343280958443e+00
-1.118049764372348154e+00
-1.119726147463613763e+00
-1.121404492554761489e+00
-1.123084799645797549e+00
-1.124767068736714615e+00
-1.126451299827521124e+00
-1.128137492918220408e+00
-1.129825648008806471e+00
-1.131515765099288640e+00
-1.133207844189667801e+00
-1.134901885279939293e+00
-1.136597888370113107e+00
-1.138295853460187468e+00
-1.139995780550160154e+00
-1.141697669640040491e+00
-1.143401520729824927e+00
-1.145107333819513684e+00
-1.146815108909114533e+00
-1.148524845998623034e+00
-1.150236545088041629e+00
-1.151950206177376312e+00
-1.153665829266622422e+00
-1.155383414355784177e+00
-1.157102961444865574e+00
-1.158824470533862172e+00
-1.160547941622779744e+00
-1.162273374711619622e+00
-1.164000769800378920e+00
-1.165730126889063856e+00
-1.167461445977673762e+00
-1.169194727066207085e+00
-1.170929970154670263e+00
-1.172667175243061077e+00
-1.174406342331379527e+00
-1.176147471419631607e+00
-1.177890562507813765e+00
-1.179635615595927778e+00
-1.181382630683978530e+00
-1.183131607771961802e+00
-1.184882546859881147e+00
-1.186635447947739896e+00
-1.188390311035534053e+00
-1.190147136123268057e+00
-1.191905923210943685e+00
-1.193666672298557607e+00
-1.195429383386114930e+00
-1.197194056473615875e+00
-1.198960691561058001e+00
-1.200729288648446857e+00
-1.202499847735781113e+00
-1.204272368823059880e+00
-1.206046851910288042e+00
-1.207823296997463602e+00
-1.209601704084586782e+00
-1.211382073171661578e+00
-1.213164404258685547e+00
-1.214948697345660245e+00
-1.216734952432588779e+00
-1.218523169519468263e+00
-1.220313348606301584e+00
-1.222105489693090297e+00
-1.223899592779832179e+00
-1.225695657866530563e+00
-1.227493684953185893e+00
-1.229293674039796613e+00
-1.231095625126366278e+00
-1.232899538212894219e+00
-1.234705413299379773e+00
-1.236513250385826490e+00
-1.238323049472232817e+00
-1.240134810558598977e+00
-1.241948533644928299e+00
-1.243764218731218563e+00
-1.245581865817470879e+00
-1.247401474903687912e+00
-1.249223045989867220e+00
-1.251046579076011023e+00
-1.252872074162120875e+00
-1.254699531248194555e+00
-1.256528950334234729e+00
-1.258360331420242062e+00
-1.260193674506214778e+00
-1.262028979592155986e+00
-1.263866246678065464e+00
-1.265705475763941878e+00
-1.267546666849788339e+00
-1.269389819935604180e+00
-1.271234935021388734e+00
-1.273082012107144889e+00
-1.274931051192871312e+00
-1.276782052278568225e+00
-1.278635015364237848e+00
-1.280489940449878850e+00
-1.282346827535491895e+00
-1.284205676621078762e+00
-1.286066487706638117e+00
-1.287929260792171293e+00
-1.289793995877679178e+00
-1.291660692963160439e+00
-1.293529352048617076e+00
-1.295399973134049088e+00
-1.297272556219455808e+00
-1.299147101304839236e+00
-1.301023608390198927e+00
-1.302902077475534437e+00
-1.304782508560847765e+00
-1.306664901646138244e+00
-1.308549256731405874e+00
-1.310435573816652211e+00
-1.312323852901876364e+00
-1.314214093987079002e+00
-1.316106297072261233e+00
-1.318000462157421948e+00
-1.319896589242562257e+00
-1.321794678327683048e+00
-1.323694729412783211e+00
-1.325596742497864078e+00
-1.327500717582926093e+00
-1.329406654667968368e+00
-1.331314553752992458e+00
-1.333224414837998140e+00
-1.335136237922984970e+00
-1.337050023007954502e+00
-1.338965770092906293e+00
-1.340883479177840121e+00
-1.342803150262757539e+00
-1.344724783347657660e+00
-1.346648378432540927e+00
-1.348573935517408451e+00
-1.350501454602259344e+00
-1.352430935687094049e+00
-1.354362378771913678e+00
-1.356295783856717119e+00
-1.358231150941505483e+00
-1.360168480026279214e+00
-1.362107771111037424e+00
-1.364049024195781445e+00
-1.365992239280511056e+00
-1.367937416365226033e+00
-1.369884555449927488e+00
-1.371833656534614976e+00
-1.373784719619288497e+00
-1.375737744703949161e+00
-1.377692731788596303e+00
-1.379649680873230144e+00
-1.381608591957851573e+00
-1.383569465042459923e+00
-1.385532300127055638e+00
-1.387497097211639607e+00
-1.389463856296210942e+00
-1.391432577380770308e+00
-1.393403260465318150e+00
-1.395375905549854023e+00
-1.397350512634378594e+00
-1.399327081718892085e+00
-1.401305612803393830e+00
-1.403286105887884938e+00
-1.405268560972365188e+00
-1.407252978056834358e+00
-1.409239357141293336e+00
-1.411227698225741900e+00
-1.413218001310179828e+00
-1.415210266394608007e+00
-1.417204493479025995e+00
-1.419200682563434013e+00
-1.421198833647832727e+00
-1.423198946732221470e+00
-1.425201021816600910e+00
-1.427205058900971268e+00
-1.429211057985332101e+00
-1.431219019069684073e+00
-1.433228942154027186e+00
-1.435240827238361216e+00
-1.437254674322686832e+00
-1.439270483407003809e+00
-1.441288254491312149e+00
-1.443307987575612295e+00
-1.445329682659904247e+00
-1.447353339744187783e+00
-1.449378958828463793e+00
-1.451406539912731608e+00
-1.453436082996991452e+00
-1.455467588081243990e+00
-1.457501055165488779e+00
-1.459536484249726040e+00
-1.461573875333956218e+00
-1.463613228418178869e+00
-1.465654543502394436e+00
-1.467697820586603141e+00
-1.469743059670804541e+00
-1.471790260754999080e+00
-1.473839423839186979e+00
-1.475890548923368017e+00
-1.477943636007542638e+00
-1.479998685091710620e+00
-1.482055696175871962e+00
-1.484114669260027330e+00
-1.486175604344176282e+00
-1.488238501428318816e+00
-1.490303360512455599e+00
-1.492370181596586187e+00
-1.494438964680710802e+00
-1.496509709764829665e+00
-1.498582416848942556e+00
-1.500657085933049917e+00
-1.502733717017151749e+00
-1.504812310101247830e+00
-1.506892865185338382e+00
-1.508975382269423626e+00
-1.511059861353503342e+00
-1.513146302437577972e+00
-1.515234705521647518e+00
-1.517325070605711756e+00
-1.519417397689771132e+00
-1.521511686773825422e+00
-1.523607937857874628e+00
-1.525706150941919192e+00
-1.527806326025958894e+00
-1.529908463109993733e+00
-1.532012562194024152e+00
-1.534118623278049709e+00
-1.536226646362070847e+00
-1.538336631446087566e+00
-1.540448578530099644e+00
-1.542562487614107525e+00
-1.544678358698111209e+00
-1.546796191782110474e+00
-1.548915986866105543e+00
-1.551037743950096415e+00
-1.553161463034083090e+00
-1.555287144118065790e+00
-1.557414787202044515e+00
-1.559544392286019265e+00
-1.561675959369990263e+00
-1.563809488453957286e+00
-1.565944979537920556e+00
-1.568082432621880296e+00
-1.570221847705836060e+00
-1.572363224789788294e+00
-1.574506563873736997e+00
-1.576651864957681948e+00
-1.578799128041623590e+00
-1.580948353125561701e+00
-1.583099540209496281e+00
-1.585252689293427553e+00
-1.587407800377355516e+00
-1.589564873461280170e+00
-1.591723908545201738e+00
-1.593884905629119997e+00
-1.596047864713034947e+00
-1.598212785796947033e+00
-1.600379668880855810e+00
-1.602548513964761501e+00
-1.604719321048664327e+00
-1.606892090132564066e+00
-1.609066821216460941e+00
-1.611243514300354951e+00
-1.613422169384246097e+00
-1.615602786468134378e+00
-1.617785365552020016e+00
-1.619969906635902790e+00
-1.622156409719782921e+00
-1.624344874803660410e+00
-1.626535301887535034e+00
-1.628727690971407238e+00
-1.630922042055276799e+00
-1.633118355139143718e+00
-1.635316630223008216e+00
-1.637516867306870294e+00
-1.639719066390729729e+00
-1.641923227474586966e+00
-1.644129350558441782e+00
-1.646337435642294178e+00
-1.648547482726144375e+00
-1.650759491809992152e+00
-1.652973462893837509e+00
-1.655189395977680888e+00
-1.657407291061521848e+00
-1.659627148145360609e+00
-1.661848967229197394e+00
-1.664072748313031758e+00
-1.666298491396864145e+00
-1.668526196480694557e+00
-1.670755863564522770e+00
-1.672987492648349006e+00
-1.675221083732173266e+00
-1.677456636815995550e+00
-1.679694151899815857e+00
-1.681933628983634188e+00
-1.684175068067450542e+00
-1.686418469151265143e+00
-1.688663832235077766e+00
-1.690911157318888636e+00
-1.693160444402697751e+00
-1.695411693486504889e+00
-1.697664904570310274e+00
-1.699920077654113904e+00
-1.702177212737915779e+00
-1.704436309821715900e+00
-1.706697368905514489e+00
-1.708960389989311324e+00
-1.711225373073106626e+00
-1.713492318156900174e+00
-1.715761225240692189e+00
-1.718032094324482673e+00
-1.720304925408271401e+00
-1.722579718492058598e+00
-1.724856473575844262e+00
-1.727135190659628394e+00
-1.729415869743410994e+00
-1.731698510827192283e+00
-1.733983113910972040e+00
-1.736269678994750265e+00
-1.738558206078527180e+00
-1.740848695162302562e+00
-1.743141146246076634e+00
-1.745435559329849395e+00
-1.747731934413620625e+00
-1.750030271497390544e+00
-1.752330570581159153e+00
-1.754632831664926451e+00
-1.756937054748692439e+00
-1.759243239832457339e+00
-1.761551386916220929e+00
-1.763861495999983209e+00
-1.766173567083744178e+00
-1.768487600167504059e+00
-1.770803595251262630e+00
-1.773121552335020112e+00
-1.775441471418776285e+00
-1.777763352502531369e+00
-1.780087195586285365e+00
-1.782413000670038050e+00
-1.784740767753789648e+00
-1.787070496837540157e+00
-1.789402187921289578e+00
-1.791735841005037910e+00
-1.794071456088785155e+00
-1.796409033172531311e+00
-1.798748572256276601e+00
-1.801090073340020803e+00
-1.803433536423763917e+00
-1.805778961507506164e+00
-1.808126348591247323e+00
-1.810475697674987616e+00
-1.812827008758726821e+00
-1.815180281842464938e+00
-1.817535516926202188e+00
-1.819892714009938572e+00
-1.822251873093673868e+00
-1.824612994177408298e+00
-1.826976077261141862e+00
-1.829341122344874560e+00
-1.831708129428606391e+00
-1.834077098512337356e+00
-1.836448029596067455e+00
-1.838820922679796688e+00
-1.841195777763525054e+00
-1.843572594847252555e+00
-1.845951373930979189e+00
-1.848332115014704957e+00
-1.850714818098430081e+00
-1.853099483182154339e+00
-1.855486110265877731e+00
-1.857874699349600478e+00
-1.860265250433322359e+00
-1.862657763517043596e+00
-1.865052238600763967e+00
-1.867448675684483694e+00
-1.869847074768202555e+00
-1.872247435851920772e+00
-1.874649758935638344e+00
-1.877054044019355050e+00
-1.879460291103071112e+00
-1.881868500186786530e+00
-1.884278671270501304e+00
-1.886690804354215212e+00
-1.889104899437928475e+00
-1.891520956521641095e+00
-1.893938975605353070e+00
-1.896358956689064401e+00
-1.898780899772775088e+00
-1.901204804856485131e+00
-1.903630671940194530e+00
-1.906058501023903284e+00
-1.908488292107611617e+00
-1.910920045191319305e+00
-1.913353760275026350e+00
-1.915789437358732750e+00
-1.918227076442438506e+00
-1.920666677526143840e+00
-1.923108240609848529e+00
-1.925551765693552575e+00
-1.927997252777256199e+00
-1.930444701860959178e+00
-1.932894112944661735e+00
-1.935345486028363649e+00
-1.937798821112065140e+00
-1.940254118195765987e+00
-1.942711377279466411e+00
-1.945170598363166192e+00
-1.947631781446865551e+00
-1.950094926530564265e+00
-1.952560033614262558e+00
-1.955027102697960428e+00
-1.957496133781657655e+00
-1.959967126865354459e+00
-1.962440081949050841e+00
