1.000000000000000056e-01
9.999980640662406439e-02
9.999845293367035093e-02
9.999478433950913236e-02
9.998765049855609655e-02
9.997590651109032611e-02
9.995841286458251318e-02
9.993403564582337140e-02
9.990164680313196044e-02
9.986012445791002390e-02
9.980835326479101099e-02
9.974522481961098364e-02
9.966963811440414378e-02
9.958050003859700294e-02
9.947672592554332449e-02
9.935724014350634514e-02
9.922097673015595198e-02
9.906688006960570614e-02
9.889390561096934873e-02
9.870102062736681170e-02
9.848720501425788088e-02
9.825145212592609201e-02
9.799276964887695951e-02
9.771018051085332556e-02
9.740272382410627983e-02
9.706945586149313965e-02
9.670945106390443913e-02
9.632180307744965531e-02
9.590562581875711201e-02
9.546005456666685485e-02
9.498424707851663151e-02
9.447738472914080088e-02
9.393867367061976836e-02
9.336734601073427842e-02
9.276266100799412939e-02
9.212390628102520851e-02
9.145039903001281334e-02
9.074148726781230967e-02
8.999655105825166146e-02
8.921500375906393776e-02
8.839629326680208121e-02
8.753990326100340169e-02
8.664535444478785320e-02
8.571220577899232862e-02
8.474005570686396482e-02
8.372854336625840110e-02
8.267734978621554820e-02
8.158619906471520355e-02
8.045485952434901222e-02
7.928314484258425221e-02
7.807091515323875963e-02
7.681807811573625189e-02
7.552458994866755038e-02
7.419045642414621999e-02
7.281573381941797152e-02
7.140052982216192612e-02
6.994500438590924019e-02
6.844937053200179922e-02
6.691389509451996231e-02
6.533889940462596357e-02
6.372475991079742941e-02
6.207190873146555682e-02
6.038083413662411608e-02
5.865208095503973013e-02
5.688625090377135568e-02
5.508400283679733972e-02
5.324605290965282040e-02
5.137317465709845959e-02
4.946619898097399243e-02
4.752601404553690595e-02
4.555356507774776381e-02
4.354985407013940019e-02
4.151593938409738754e-02
3.945293525158330428e-02
3.736201117355084089e-02
3.524439121353654947e-02
3.310135318515230324e-02
3.093422773246434776e-02
2.874439730251378278e-02
2.653329500951460973e-02
2.430240339055726034e-02
2.205325305294705482e-02
1.978742121361706449e-02
1.750653013137252328e-02
1.521224543304790233e-02
1.290627433498687908e-02
1.059036376158832386e-02
8.266298362996693516e-03
5.935898434351494224e-03
3.601017739346132687e-03
1.263541241180130958e-03
-1.074617255681365336e-03
-3.411517549202069868e-03
-5.745195564866330609e-03
-8.073665957801894055e-03
-1.039492478726766062e-02
-1.270695225855220968e-02
-1.500771552705357920e-02
-1.729517155904986003e-02
-1.956727004342501477e-02
-2.182195634838619835e-02
-2.405717451699895121e-02
-2.627087029517619077e-02
-2.846099418558676805e-02
-3.062550452080057412e-02
-3.276237054886041444e-02
-3.486957552436696639e-02
-3.694511979808240421e-02
-3.898702389800141888e-02
-4.099333159480541416e-02
-4.296211294460697966e-02
-4.489146730190716333e-02
-4.677952629572786070e-02
-4.862445676194495497e-02
-5.042446362493525208e-02
-5.217779272176023553e-02
-5.388273356224280997e-02
-5.553762201844777285e-02
-5.714084293725292529e-02
-5.869083266989397196e-02
-6.018608151258218741e-02
-6.162513605252822879e-02
-6.300660141395711400e-02
-6.432914339896750322e-02
-6.559149051837191713e-02
-6.679243590795180818e-02
-6.793083912587184747e-02
-6.900562782731994860e-02
-7.001579931277174262e-02
-7.096042194662048608e-02
-7.183863644326288211e-02
-7.264965701808810683e-02
-7.339277240117966783e-02
-7.406734671190651209e-02
-7.467282019294964324e-02
-7.520870980268287709e-02
-7.567460966519931609e-02
-7.607019137764814420e-02
-7.639520417491801885e-02
-7.664947495207284633e-02
-7.683290814531165691e-02
-7.694548547258621418e-02
-7.698726553536588968e-02
-7.695838328338969192e-02
-7.685904934458752391e-02
-7.668954922268728103e-02
-7.645024236534918305e-02
-7.614156110598400973e-02
-7.576400948271543034e-02
-7.531816193823899497e-02
-7.480466190460939579e-02
-7.422422027725361637e-02
-7.357761378275892716e-02
-7.286568324522112172e-02
-7.208933175615890587e-02
-7.124952275320456385e-02
-7.034727801296797312e-02
-6.938367556364014033e-02
-6.835984752305354628e-02
-6.727697786804873181e-02
-6.613630014110948030e-02
-6.493909510032241927e-02
-6.368668831879048531e-02
-6.238044773968298706e-02
-6.102178119313840521e-02
-5.961213388124896734e-02
-5.815298583734869464e-02
-5.664584936579927787e-02
-5.509226646842065034e-02
-5.349380626364615143e-02
-5.185206240439599323e-02
-5.016865050055759750e-02
-4.844520555183833704e-02
-4.668337939661530711e-02
-4.488483818224954514e-02
-4.305125986215844330e-02
-4.118433172475193665e-02
-3.928574795913543360e-02
-3.735720726226712807e-02
-3.540041049203002110e-02
-3.341705837044102456e-02
-3.140884924097198105e-02
-2.937747688370179883e-02
-2.732462839175603397e-02
-2.525198211222201908e-02
-2.316120565445469251e-02
-2.105395396841242689e-02
-1.893186749538443292e-02
-1.679657039319302353e-02
-1.464966883767648484e-02
-1.249274940198260783e-02
-1.032737751493036094e-02
-8.155095999428816841e-03
-5.977423691679267619e-03
-3.795854141629631182e-03
-1.611854394900534820e-03
5.731361438391408165e-04
2.757706766302264658e-03
4.940476435297236693e-03
7.120094679416789744e-03
9.295242408595366310e-03
1.146463265161966512e-02
1.362701121685645084e-02
1.578115727762923609e-02
1.792588388383089398e-02
2.006003840150235792e-02
2.218250288223827527e-02
2.429219436439888913e-02
2.638806510821343349e-02
2.846910276695414216e-02
3.053433049644182357e-02
3.258280700521398732e-02
3.461362654774510772e-02
3.662591886315590822e-02
3.861884906188540328e-02
4.059161746282547584e-02
4.254345938343435940e-02
4.447364488535217319e-02
4.638147847803972962e-02
4.826629878295137649e-02
5.012747816073419294e-02
5.196442230392025324e-02
5.377656979754597000e-02
5.556339165009364228e-02
5.732439079710580088e-02
5.905910157977287828e-02
6.076708920074026105e-02
6.244794915932189855e-02
6.410130666824519208e-02
6.572681605398611460e-02
6.732416014268498283e-02
6.889304963356276956e-02
7.043322246168477740e-02
7.194444315184474192e-02
7.342650216526702689e-02
7.487921524074862833e-02
7.630242273178651502e-02
7.769598894115925525e-02
7.905980145435596851e-02
8.039377047316971503e-02
8.169782815069777382e-02
8.297192792891719404e-02
8.421604387993125718e-02
8.543017005191125279e-02
8.661431982068794333e-02
8.776852524787898124e-02
8.889283644637237247e-02
8.998732095392129871e-02
9.105206311554338294e-02
9.208716347535712832e-02
9.309273817842991794e-02
9.406891838315603604e-02
9.501584968462924163e-02
9.593369154942303634e-02
9.682261676214229396e-02
9.768281088406288726e-02
9.851447172413131670e-02
9.931780882255354659e-02
1.000930429471619670e-01
1.008404056027112500e-01
1.015601385532178824e-01
1.022524933574239098e-01
1.029177309174338639e-01
1.035561210405436805e-01
1.041679420142525708e-01
1.047534801944225158e-01
1.053130296065260957e-01
1.058468915599004717e-01
1.063553742749047543e-01
1.068387925228587026e-01
1.072974672786229933e-01
1.077317253856653056e-01
1.081418992334415713e-01
1.085283264469085185e-01
1.088913495879715032e-01
1.092313158686608887e-01
1.095485768758204387e-01
1.098434883070828760e-01
1.101164097179000295e-01
1.103677042793887036e-01
1.105977385467477175e-01
1.108068822379969232e-01
1.109955080227851554e-01
1.111639913210109298e-01
1.113127101109974010e-01
1.114420447469614134e-01
1.115523777855151749e-01
1.116440938209390110e-01
1.117175793289632152e-01
1.117732225187979683e-01
1.118114131931509936e-01
1.118325426159742231e-01
1.118370033876823766e-01
1.118251893275887116e-01
1.117974953633054519e-01
1.117543174268592759e-01
1.116960523572752967e-01
1.116230978093860626e-01
1.115358521686256876e-01
1.114347144715728405e-01
1.113200843320100303e-01
1.111923618722707313e-01
1.110519476596497218e-01
1.108992426476563958e-01
1.107346481218949158e-01
1.105585656503594444e-01
1.103713970379370246e-01
1.101735442849151453e-01
1.099654095492955119e-01
1.097473951127197478e-01
1.095199033498176766e-01
1.092833367007928214e-01
1.090380976470645691e-01
1.087845886897906567e-01
1.085232123310981983e-01
1.082543710578557916e-01
1.079784673278235407e-01
1.076959035580222213e-01
1.074070821151669325e-01
1.071124053080149824e-01
1.068122753814816084e-01
1.065070945123815088e-01
1.061972648066579483e-01
1.058831882979653083e-01
1.055652669474747563e-01
1.052439026447765519e-01
1.049194972097563100e-01
1.045924523953261631e-01
1.042631698908953741e-01
1.039320513264686552e-01
1.035994982772636547e-01
1.032659122687427378e-01
1.029316947819574057e-01
1.025972472591069884e-01
1.022629711092165050e-01
1.019292677138415870e-01
1.015965384327117138e-01
1.012651846092256225e-01
1.009356075757161936e-01
1.006082086584045160e-01
1.002833891819660816e-01
9.996155047363457224e-02
9.964309386677158709e-02
9.932842070383313127e-02
9.901793233866663935e-02
9.871203013807448856e-02
9.841111548258274500e-02
9.811558976635631479e-02
9.782585439620403167e-02
9.754231078961965451e-02
9.726536037180710803e-02
9.699540457164063101e-02
9.673284481651267530e-02
9.647808252602484147e-02
9.623151910447913515e-02
9.599355593212911819e-02
9.576459435515279062e-02
9.554503567431091304e-02
9.533528113225683831e-02
9.513573189946589181e-02
9.494678905875443553e-02
9.476885358836073525e-02
9.460232634356187387e-02
9.444760803680293804e-02
9.430509921631671788e-02
9.417520024321404670e-02
9.405831126702704492e-02
9.395483219968947530e-02
9.386516268794022066e-02
9.378970208413803245e-02
9.372884941547764137e-02
9.368300335159913950e-02
9.365256217058454125e-02
9.363792372333754055e-02
9.363948539634414647e-02
9.365764407281401693e-02
9.369279609220425298e-02
9.374533720812922022e-02
9.381566254466211507e-02
9.390416655103578369e-02
9.401124295475238313e-02
9.413728471311330614e-02
9.428268396318296996e-02
9.444783197020180376e-02
9.463311907446601834e-02
9.483893463669343382e-02
9.506566698189694575e-02
9.531370334178904113e-02
9.558342979574283027e-02
9.587523121033710016e-02
9.618949117751492139e-02
9.652659195138747761e-02
9.688691438371659082e-02
9.727083785811180272e-02
9.767874022297977354e-02
9.811099772326573043e-02
9.856798493102904291e-02
9.905007467489694573e-02
9.955763796844249724e-02
1.000910439375351096e-01
1.006506597467139441e-01
1.012368505246368094e-01
1.018499792886590483e-01
1.024904068685993236e-01
1.031584918297511339e-01
1.038545903952011601e-01
1.045790563675176726e-01
1.053322410498743478e-01
1.061144931666770375e-01
1.069261587837631450e-01
1.077675812282455486e-01
1.086391010080749037e-01
1.095410557313966637e-01
1.104737800257810654e-01
1.114376054574064689e-01
1.124328604502788237e-01
1.134598702055718833e-01
1.145189566211751997e-01
1.156104382115387963e-01
1.167346300279058224e-01
1.178918435790263369e-01
1.190823867524476998e-01
1.203065637364790358e-01
1.215646749429292878e-01
1.228570169307205834e-01
1.241838823304805550e-01
1.255455597702193338e-01
1.269423338021991310e-01
1.283744848311060560e-01
1.298422890436359833e-01
1.313460183396083780e-01
1.328859402647235288e-01
1.344623179450812611e-01
1.360754100235802566e-01
1.377254705983198824e-01
1.394127491631276250e-01
1.411374905503375299e-01
1.428999348759466825e-01
1.447003174872784070e-01
1.465388689132832156e-01
1.484158148176096814e-01
1.503313759545793771e-01
1.522857681282020204e-01
1.542792021543681613e-01
1.563118838263589383e-01
1.583840138838135125e-01
1.604957879852969560e-01
1.626473966846127828e-01
1.648390254110057018e-01
1.670708544534020012e-01
1.693430589488363891e-01
1.716558088752158651e-01
1.740092690485722793e-01
1.764035991249571222e-01
1.788389536071336994e-01
1.813154818562226489e-01
1.838333281084591764e-01
1.863926314972209619e-01
1.889935260804880002e-01
1.916361408738963545e-01
1.943205998895498332e-01
1.970470221807549549e-01
1.998155218928458488e-01
2.026262083202677311e-01
2.054791859700886292e-01
2.083745546321111863e-01
2.113124094557572719e-01
2.142928410339007828e-01
2.173159354938246912e-01
2.203817745954810003e-01
2.234904358372337141e-01
2.266419925692667314e-01
2.298365141148411284e-01
2.330740658995876513e-01
2.363547095890230765e-01
2.396785032344809496e-01
2.430455014276499959e-01
2.464557554639156545e-01
2.499093135147034128e-01
2.534062208090248070e-01
2.569465198244308413e-01
2.605302504875799952e-01
2.641574503846317867e-01
2.678281549816809437e-01
2.715423978554498130e-01
2.753002109344627191e-01
2.791016247509282566e-01
2.829466687035619432e-01
2.868353713315858200e-01
2.907677606001469739e-01
2.947438641974027829e-01
2.987637098435268479e-01
3.028273256118961254e-01
3.069347402627259358e-01
3.110859835894281278e-01
3.152810867779745618e-01
3.195200827795565690e-01
3.238030066968404230e-01
3.281298961841277451e-01
3.325007918617401970e-01
3.369157377449585322e-01
3.413747816878570651e-01
3.458779758423873307e-01
3.504253771330770317e-01
3.550170477477241349e-01
3.596530556444809679e-01
3.643334750757376006e-01
3.690583871292307250e-01
3.738278802868213457e-01
3.786420510014028018e-01
3.835010042924200113e-01
3.884048543605008730e-01
3.933537252217232938e-01
3.983477513620629629e-01
4.033870784125921927e-01
4.084718638460245743e-01
4.136022776952281155e-01
4.187785032943568408e-01
4.240007380432815887e-01
4.292691941960312119e-01
4.345840996739894768e-01
4.399456989046271471e-01
4.453542536865855439e-01
4.508100440819663990e-01
4.563133693367232846e-01
4.618645488300920365e-01
4.674639230540432178e-01
4.731118546237845224e-01
4.788087293203918682e-01
4.845549571666980526e-01
4.903509735376218037e-01
4.961972403061759018e-01
5.020942470264524449e-01
5.080425121549434486e-01
5.140425843116190885e-01
5.200950435822531137e-01
5.262005028635533543e-01
5.323596092527271839e-01
5.385730454831871850e-01
5.448415314081795913e-01
5.511658255341984614e-01
5.575467266061309157e-01
5.639850752461669225e-01
5.704817556485919372e-01
5.770376973326767356e-01
5.836538769559673767e-01
5.903313201903782614e-01
5.970711036635866220e-01
6.038743569683275858e-01
6.107422647422908746e-01
6.176760688214207873e-01
6.246770704695271403e-01
6.317466326872156479e-01
6.388861826032495861e-01
6.460972139515572810e-01
6.533812896371982148e-01
6.607400443946969126e-01
6.681751875422465847e-01
6.756885058353697682e-01
6.832818664237018114e-01
6.909572199146338800e-01
6.987166035476107817e-01
7.065621444829212061e-01
7.144960632088508401e-01
7.225206770710727033e-01
7.306384039281401677e-01
7.388517659369014945e-01
7.471633934715865566e-01
7.555760291802028350e-01
7.640925321817254590e-01
7.727158824073654397e-01
7.814491850889362379e-01
7.902956753970175052e-01
7.992587232312090562e-01
8.083418381642841766e-01
8.175486745414626277e-01
8.268830367353264821e-01
8.363488845560760332e-01
8.459503388158515769e-01
8.556916870447127677e-01
8.655773893545481990e-01
8.756120844456585228e-01
8.858005957489928361e-01
8.961479376949899045e-01
9.066593220976515433e-01
9.173401646398179343e-01
9.281960914425863018e-01
9.392329456983743441e-01
9.504567943432270516e-01
9.618739347395526273e-01
9.734909013354978713e-01
9.853144722615724271e-01
9.973516758188460951e-01
1.009609796806007154e+00
1.022096382624715361e+00
1.034819249093936744e+00
1.047786485894243835e+00
1.061006461552320035e+00
1.074487827864070155e+00
1.088239523641726603e+00
1.102270777656111589e+00
1.116591110629713945e+00
1.131210336119449655e+00
1.146138560109881244e+00
1.161386179118312434e+00
1.176963876592608704e+00
1.192882617360947917e+00
1.209153639870152785e+00
1.225788445926067283e+00
1.242798787625963186e+00
1.260196651149673164e+00
1.277994237053656112e+00
1.296203936691272540e+00
1.314838304364134070e+00
1.333910024794668248e+00
1.353431875500389348e+00
1.373416683647465497e+00
1.393877276966948742e+00
1.414826428333720409e+00
1.436276793638326721e+00
1.458240842628224287e+00
1.480730782460589312e+00
1.503758473796970918e+00
1.527335339384036761e+00
1.551472265207714640e+00
1.576179494483262111e+00
1.601466514953765241e+00
1.627341940216150862e+00
1.653813386077753300e+00
1.680887343267085443e+00
1.708569048177114080e+00
1.736862353703046535e+00
1.765769602641643843e+00
1.795291506534497428e+00
1.825427033249245712e+00
1.856173306982625837e+00
1.887525524716553438e+00
1.919476893439324261e+00
1.952018592632909000e+00
1.985139766597955546e+00
2.018827551115469188e+00
2.053067138706367700e+00
2.087841886330938035e+00
2.123133468761330800e+00
2.158922080063565119e+00
2.195186684655050513e+00
2.231905318286560469e+00
2.269055438074397468e+00
2.306614319431909088e+00
2.344559496482157446e+00
2.382869241344330646e+00
2.421523076645994976e+00
2.460502314788557410e+00
2.499790616942427324e+00
2.539374564515587185e+00
2.579244235950996611e+00
2.619393782170676754e+00
2.659821994782575860e+00
2.700532862265750289e+00
2.741536110698169715e+00
2.782847727124750925e+00
2.824490465307920140e+00
2.866494335282644190e+00
2.908897079777034822e+00
2.951744642087137827e+00
2.995091631345147221e+00
3.039001792234509391e+00
3.083548487026908091e+00
3.128815198287236310e+00
3.174896060646955842e+00
3.221896429598877010e+00
3.269933494201271440e+00
3.319136938732873521e+00
3.369649655481814499e+00
3.421628506657747870e+00
3.475245127442503357e+00
3.530686753839500369e+00
3.588157047451702386e+00
3.647876873590258917e+00
3.710084967921454258e+00
3.775038398696630715e+00
3.843012694837986576e+00
3.914301463230891454e+00
3.989215260547304354e+00
4.068079416328787445e+00
4.151230428422135077e+00
4.239010478041071117e+00
4.331759557134586380e+00
4.429804695161175587e+00
4.533445861148406308e+00
4.642938360717344004e+00
4.758472013834099457e+00
4.880148137444737522e+00
5.007956356626293015e+00
5.141754396248812142e+00
5.281254959148220962e+00
5.426024113371266111e+00
5.575494799066727403e+00
5.728996869432275929e+00
5.885801769851243037e+00
6.045176429153969799e+00
6.206438425039086937e+00
6.369003977531999539e+00
6.532422001728050098e+00
6.696390591176058393e+00
6.860755708284661303e+00
7.025494494177302762e+00
7.190687031160315712e+00
7.356480759660114721e+00
7.523051574147925358e+00
7.690565417778045365e+00
7.859144252968287780e+00
8.028840553432772253e+00
8.199624560522334349e+00
8.371387905481510572e+00
8.543965352814410608e+00
8.717173361234646478e+00
8.890860564120645293e+00
9.064962346238433000e+00
9.239550594824459395e+00
9.414870857410237548e+00
9.591361946216261813e+00
9.769656192356988456e+00
9.950560787489340697e+00
1.013502129111710381e+01
1.032406760380478872e+01
1.051874143200276457e+01
1.072000399145004401e+01
1.092862527327924305e+01
1.114506331727093702e+01
1.136935369691098074e+01
1.160104202380325766e+01
1.183919672488797836e+01
1.208252505845017843e+01
1.232958029140768375e+01
1.257900736298497257e+01
1.282975391539852517e+01
1.308118773389650435e+01
1.333309975877055287e+01
1.358560945190945546e+01
1.383901047308360965e+01
1.409360041845369516e+01
1.434953773312563641e+01
1.460676592323039102e+01
1.486503484711080425e+01
1.512402390957103826e+01
1.538353527269369891e+01
1.564369443201124632e+01
1.590509054936643629e+01
1.616881212879190954e+01
1.643636665358691218e+01
1.670949499922308945e+01
1.698989875864614163e+01
1.727890581119767077e+01
1.757712668092407782e+01
1.788420444429793577e+01
1.819879661435213691e+01
1.851887879312367247e+01
1.884230198356405950e+01
1.916736876272205237e+01
1.949317169948966821e+01
1.981958215487291852e+01
2.014695584046285859e+01
2.047571989090709366e+01
2.080602599229928273e+01
2.113763029437435748e+01
2.147008128731821941e+01
2.180314705203047509e+01
2.213726603577767449e+01
2.247378120751710284e+01
2.281483171668627463e+01
2.316291565661520124e+01
2.352021794072807381e+01
2.388786188761735474e+01
2.426536271369013065e+01
2.465064877500445206e+01
2.504081992301634330e+01
2.543329777398728098e+01
2.582667198302252842e+01
2.622078736821198675e+01
2.661616963685670001e+01
2.701324327868958264e+01
2.741185260690743064e+01
2.781142990599015263e+01
2.821174584934116325e+01
2.861371693939324246e+01
2.901966595044393671e+01
2.943279646362051238e+01
2.985604525170288426e+01
3.029073353011866132e+01
3.073571058890379248e+01
3.118775812476340548e+01
3.164326745527786144e+01
3.209998993637925224e+01
3.255754787675640927e+01
3.301658447392556184e+01
3.347748564445589636e+01
3.393980465136083069e+01
3.440295522982274434e+01
3.486760049763298497e+01
3.533641156944324280e+01
3.581337728492734129e+01
3.630190554517003676e+01
3.680272194762854099e+01
3.731311166503499521e+01
3.782858864885274386e+01
3.834579294344827360e+01
3.886391457955581785e+01
3.938367759270266077e+01
3.990542283777425325e+01
4.042846622097478360e+01
4.095253501791528095e+01
4.147968696074172357e+01
4.201436403943597497e+01
4.256104127055603925e+01
4.312099738325378695e+01
4.369097157109124652e+01
4.426565048661091595e+01
4.484171752199044647e+01
4.541903924011675997e+01
4.599845248189318880e+01
4.657959749652476233e+01
4.716179669660365903e+01
4.774688508365740347e+01
4.833992638563083943e+01
4.894608943250936051e+01
4.956614691116606508e+01
5.019535457944711965e+01
5.082788889223647288e+01
5.146156509899973486e+01
5.209717603933872709e+01
5.273490279615902665e+01
5.337383190550303169e+01
5.401548168686923646e+01
5.466550740612632353e+01
5.532975999702450309e+01
5.600829935070025556e+01
5.669490971871935869e+01
5.738382735605243568e+01
5.807419794417374703e+01
5.876695118656733996e+01
5.946132675095164188e+01
6.015769666555615203e+01
6.086147061050702689e+01
6.157974383656542727e+01
6.231332645523772840e+01
6.305528515491523933e+01
6.379943543895320346e+01
6.454536628998107517e+01
6.529375789461529678e+01
6.604362277043209417e+01
6.679751016753357362e+01
6.756339372662566234e+01
6.834625977317460865e+01
6.914096091488758589e+01
6.993923785722103048e+01
7.073921066219918430e+01
7.154179730127458470e+01
7.234602122733824103e+01
7.315477110185921106e+01
7.397703970016179653e+01
7.481699285611375672e+01
7.566719398674666763e+01
7.651988293331709201e+01
7.737485542169100938e+01
7.823220630142813548e+01
7.909193882355187100e+01
7.996168391148310661e+01
8.084983738243998630e+01
8.175192189260104669e+01
8.265792684842595861e+01
8.356610882023983322e+01
8.447691267441256002e+01
8.539021068035417272e+01
8.631430596383609100e+01
8.725785898358424220e+01
8.821450158052559232e+01
8.917428571001362059e+01
9.013672247674446680e+01
9.110149838937610411e+01
9.207112708875401097e+01
9.305725178611557169e+01
9.406240135922413970e+01
9.507467073905138477e+01
9.608925379243606812e+01
9.710672864688086747e+01
9.812754456881914678e+01
9.916274223316385417e+01
1.002188312667720993e+02
1.012840839125352801e+02
1.023518170659657613e+02
1.034225694285408110e+02
1.044971804523286210e+02
1.055880585514104553e+02
1.066998630465714228e+02
1.078190208692954428e+02
1.089409708191411426e+02
1.100657548729583937e+02
1.111978889748041581e+02
1.123516457830288147e+02
1.135218473563692214e+02
1.146957115656803694e+02
1.158728994065229045e+02
1.170540683129467823e+02
1.182528997767079773e+02
1.194735027828528189e+02
1.207004037309197031e+02
1.219306340464227105e+02
1.231643666704272135e+02
1.244140261431233796e+02
1.256872854357179818e+02
1.269680765029344656e+02
1.282522998034458794e+02
1.295404787736686103e+02
1.308467525633102468e+02
1.321762040798233784e+02
1.335118396738751869e+02
1.348510778797523813e+02
1.361964840822291478e+02
1.375656815060261522e+02
1.389533000161737846e+02
1.403450200794605109e+02
1.417404654066336036e+02
1.431500067051752865e+02
1.445863734099769999e+02
1.460316559611317473e+02
1.474807280828661078e+02
1.489377178437582643e+02
1.504217794514264028e+02
1.519215647420851951e+02
1.534253663835607995e+02
1.549350533760679980e+02
1.564698991464731250e+02
1.580249675637501241e+02
1.595845638708671004e+02
1.611498671114113677e+02
1.627403690044486666e+02
1.643522259158801546e+02
1.659687939853258740e+02
1.675922101871957466e+02
1.692436424124175858e+02
1.709140321803299685e+02
1.725888197045999561e+02
1.742742821181939235e+02
1.759912731347239117e+02
1.777214627415118287e+02
1.794561438397722384e+02
1.812108114480997756e+02
1.829948332177161490e+02
1.847856950959153153e+02
1.865851112394032612e+02
1.884165835607003885e+02
1.902653606335848622e+02
1.921189486560922433e+02
1.939963316515633096e+02
1.959025496285058239e+02
1.978145487919044285e+02
1.997425196811033743e+02
2.017051355563825155e+02
2.036777980720062828e+02
2.056619425661308185e+02
2.076819171277217606e+02
2.097167655985372221e+02
2.117612247999153681e+02
2.138416648054980556e+02
2.159400433470151199e+02
2.180481684877066755e+02
2.201932145829040905e+02
2.223564896106643403e+02
2.245320256087342443e+02
2.267460785260796001e+02
2.289754030873888269e+02
2.312234115583469247e+02
2.335106596007687472e+02
2.358074377050164685e+02
2.381337856838092364e+02
2.404964211332489299e+02
2.428663468086115529e+02
2.452753670463175979e+02
2.477096309969732886e+02
2.501651718145756718e+02
2.526629708410794706e+02
2.551695523102183358e+02
2.577163259648206122e+02
2.602943671301311497e+02
2.628977367515067840e+02
2.655458168717079275e+02
2.682036757539767109e+02
2.709052514397616278e+02
2.736283335415138822e+02
2.763942974719925587e+02
2.792011730580303492e+02
2.820416706949371246e+02
2.849323890615710866e+02
2.878449690071469149e+02
2.908074349063126078e+02
2.937857562287258588e+02
2.968112128843341111e+02
2.998522627822223967e+02
3.029386467943300545e+02
3.060422710668571540e+02
3.091900976836279824e+02
3.123561956838478295e+02
3.155652313037099930e+02
3.187924495623044550e+02
3.220610347631778154e+02
3.253478727617037407e+02
3.286753165446704656e+02
3.320242665719395063e+02
3.354159739114559216e+02
3.388391455663532952e+02
3.423096638658322490e+02
3.458272203986564932e+02
3.493907888897209091e+02
3.530085810794854524e+02
3.566614310601339071e+02
3.603625686826741230e+02
3.641040771811408945e+02
3.679018604039281399e+02
3.717595107840068636e+02
3.756648265307822498e+02
3.796253401581953995e+02
3.836433919213849322e+02
3.877207073236706378e+02
3.918604889404397795e+02
3.960639644166251969e+02
4.003320321513418776e+02
4.046691604575094630e+02
4.090782093612825747e+02
4.135625768496747128e+02
4.181206112391954548e+02
4.227466357307978910e+02
4.274830233873066163e+02
4.322953217087433018e+02
4.371969509107058229e+02
4.421710507480814840e+02
4.472575589465931785e+02
4.525007416591545280e+02
4.578199909579591349e+02
4.632260503852709803e+02
4.687622606366439868e+02
4.743847976142318998e+02
4.800647009284143678e+02
4.858527735071673419e+02
4.918341123342534615e+02
4.981022293235616871e+02
5.047629641985226385e+02
5.118345017102047336e+02
5.191378174448815344e+02
5.267222328497186936e+02
5.348407567456632705e+02
5.436229284923140312e+02
5.533721321501142256e+02
5.638544697277864088e+02
5.784716041152122443e+02
5.959511497946132295e+02
6.148038720167473912e+02
6.346100815204624723e+02
6.549391907133496034e+02
6.758518947851973735e+02
6.971743932296509456e+02
7.187804657764966123e+02
7.405855312388371203e+02
7.624787850339888564e+02
7.844110473662180993e+02
8.063536277450075431e+02
8.283004585317845567e+02
8.502488239710382913e+02
8.721978303139762829e+02
8.941471196815995199e+02
9.160965306270394422e+02
9.380459986671021397e+02
9.599954927648939247e+02
9.819449985495150486e+02
1.003894510026778221e+03
1.025844023389936865e+03
1.047793537712555008e+03
1.069743051833670052e+03
1.091692565825957672e+03
1.113642079293915231e+03
1.135591592447557559e+03
1.157541105140484206e+03
1.179490617549855642e+03
1.201440129618287074e+03
1.223389641471344476e+03
1.245339153085835051e+03
1.267288664546272230e+03
1.289238175843307772e+03
1.311187687032950635e+03
1.333137198111648559e+03
1.355086709116440716e+03
1.377036220046227982e+03
1.398985730925573534e+03
1.420935241754395292e+03
1.442884752549049381e+03
1.464834263309842527e+03
1.486783774047703901e+03
1.508733284763055281e+03
1.530682795463212187e+03
1.552632306148595944e+03
1.574581816824099178e+03
1.596531327490098647e+03
1.618480838149852389e+03
1.640430348803680545e+03
1.662379859453732934e+03
1.684329370100274900e+03
1.706278880744702519e+03
1.728228391387232932e+03
1.750177902028748804e+03
1.772127412669427258e+03
1.794076923309802623e+03
1.816026433950019054e+03
1.837975944590375320e+03
1.859925455230989883e+03
1.881874965872003713e+03
1.903824476513514583e+03
1.925773987155560008e+03
1.947723497798221615e+03
1.969673008441470301e+03
1.991622519085375188e+03
2.013572029729866472e+03
2.035521540375003497e+03
2.057471051020693267e+03
2.079420561666987396e+03
2.101370072313781748e+03
2.123319582961121796e+03
2.145269093608900221e+03
2.167218604257157494e+03
2.189168114905788570e+03
2.211117625554830283e+03
2.233067136204182589e+03
2.255016646853879138e+03
2.276966157503827162e+03
2.298915668154057585e+03
2.320865178804485822e+03
2.342814689455140524e+03
2.364764200105945747e+03
2.386713710756928322e+03
2.408663221408020490e+03
2.430612732059247719e+03
2.452562242710549981e+03
2.474511753361950468e+03
2.496461264013397795e+03
2.518410774664913333e+03
2.540360285316452519e+03
2.562309795968035814e+03
2.584259306619624567e+03
2.606208817271237422e+03
2.628158327922841636e+03
2.650107838574454945e+03
2.672057349226049610e+03
2.694006859877641546e+03
2.715956370529207561e+03
2.737905881180762663e+03
2.759855391832287751e+03
2.781804902483796013e+03
2.803754413135271534e+03
2.825703923786726591e+03
2.847653434438148452e+03
2.869602945089548484e+03
2.891552455740915775e+03
2.913501966392260329e+03
2.935451477043573959e+03
2.957400987694865762e+03
2.979350498346128916e+03
3.001300008997371606e+03
3.023249519648588375e+03
3.045199030299786500e+03
3.067148540950961888e+03
3.089098051602120449e+03
3.111047562253259457e+03
3.132997072904384368e+03
3.154946583555492907e+03
3.176896094206589623e+03
3.198845604857673152e+03
3.220795115508747131e+03
3.242744626159811105e+03
3.264694136810867803e+03
3.286643647461916771e+03
3.308593158112960282e+03
3.330542668763998790e+03
3.352492179415033661e+03
3.374441690066065348e+03
3.396391200717095217e+03
3.418340711368123721e+03
3.440290222019151770e+03
3.462239732670179819e+03
3.484189243321208778e+03
3.506138753972239101e+03
3.528088264623270788e+03
3.550037775274304749e+03
3.571987285925340984e+03
3.593936796576379948e+03
3.615886307227421639e+03
3.637835817878466969e+03
3.659785328529515482e+03
3.681734839180567633e+03
3.703684349831622967e+03
3.725633860482681939e+03
3.747583371133744095e+03
3.769532881784809888e+03
3.791482392435878864e+03
3.813431903086951479e+03
3.835381413738026822e+03
3.857330924389105803e+03
3.879280435040187513e+03
3.901229945691271951e+03
3.923179456342359117e+03
3.945128966993449012e+03
3.967078477644540726e+03
3.989027988295634714e+03
4.010977498946730520e+03
4.032927009597828601e+03
4.054876520248927591e+03
4.076826030900028400e+03
4.098775541551130118e+03
4.120725052202233201e+03
4.142674562853337193e+03
4.164624073504442094e+03
4.186573584155546996e+03
4.208523094806652807e+03
4.230472605457758618e+03
4.252422116108865339e+03
4.274371626759971150e+03
4.296321137411077871e+03
4.318270648062183682e+03
4.340220158713289493e+03
4.362169669364395304e+03
4.384119180015500206e+03
4.406068690666605107e+03
4.428018201317709099e+03
4.449967711968812182e+03
4.471917222619915265e+03
4.493866733271017438e+03
4.515816243922118701e+03
4.537765754573219965e+03
4.559715265224320319e+03
4.581664775875419764e+03
4.603614286526518299e+03
4.625563797177615925e+03
4.647513307828713550e+03
4.669462818479810267e+03
4.691412329130906073e+03
4.713361839782001880e+03
4.735311350433096777e+03
4.757260861084190765e+03
4.779210371735284753e+03
4.801159882386377831e+03
4.823109393037470909e+03
4.845058903688563078e+03
4.867008414339655246e+03
4.888957924990747415e+03
4.910907435641838674e+03
4.932856946292929933e+03
4.954806456944021193e+03
4.976755967595111542e+03
4.998705478246201892e+03
5.020654988897292242e+03
5.042604499548382591e+03
5.064554010199472941e+03
5.086503520850563291e+03
5.108453031501653641e+03
5.130402542152743990e+03
5.152352052803834340e+03
5.174301563454924690e+03
5.196251074106015039e+03
5.218200584757105389e+03
5.240150095408196648e+03
5.262099606059287908e+03
5.284049116710379167e+03
5.305998627361470426e+03
5.327948138012561685e+03
5.349897648663652944e+03
5.371847159314745113e+03
5.393796669965837282e+03
5.415746180616929450e+03
5.437695691268021619e+03
5.459645201919114697e+03
5.481594712570207776e+03
5.503544223221300854e+03
5.525493733872393932e+03
5.547443244523487010e+03
5.569392755174580998e+03
5.591342265825674986e+03
5.613291776476768973e+03
5.635241287127862961e+03
5.657190797778956949e+03
5.679140308430050936e+03
5.701089819081144924e+03
5.723039329732239821e+03
5.744988840383334718e+03
5.766938351034429616e+03
5.788887861685524513e+03
5.810837372336619410e+03
5.832786882987714307e+03
5.854736393638809204e+03
5.876685904289904101e+03
5.898635414940998999e+03
5.920584925592093896e+03
5.942534436243188793e+03
5.964483946894283690e+03
5.986433457545378587e+03
6.008382968196473485e+03
6.030332478847568382e+03
6.052281989498663279e+03
6.074231500149758176e+03
6.096181010800853073e+03
6.118130521451947970e+03
6.140080032103042868e+03
6.162029542754137765e+03
6.183979053405232662e+03
6.205928564056326650e+03
6.227878074707420637e+03
6.249827585358514625e+03
6.271777096009608613e+03
6.293726606660702600e+03
6.315676117311796588e+03
6.337625627962890576e+03
6.359575138613984564e+03
6.381524649265078551e+03
6.403474159916172539e+03
6.425423670567266527e+03
6.447373181218360514e+03
6.469322691869454502e+03
6.491272202520548490e+03
6.513221713171642477e+03
6.535171223822736465e+03
6.557120734473829543e+03
6.579070245124922621e+03
6.601019755776015700e+03
6.622969266427108778e+03
6.644918777078201856e+03
6.666868287729294934e+03
6.688817798380388012e+03
6.710767309031481091e+03
6.732716819682574169e+03
6.754666330333667247e+03
6.776615840984760325e+03
6.798565351635853403e+03
6.820514862286946482e+03
6.842464372938039560e+03
6.864413883589132638e+03
6.886363394240225716e+03
6.908312904891318794e+03
6.930262415542411873e+03
6.952211926193504951e+03
6.974161436844598029e+03
6.996110947495692017e+03
7.018060458146786004e+03
7.040009968797879992e+03
7.061959479448973980e+03
7.083908990100067967e+03
7.105858500751161955e+03
7.127808011402255943e+03
7.149757522053349931e+03
7.171707032704443918e+03
7.193656543355537906e+03
7.215606054006631894e+03
7.237555564657725881e+03
7.259505075308819869e+03
7.281454585959913857e+03
7.303404096611007844e+03
7.325353607262101832e+03
7.347303117913195820e+03
7.369252628564289807e+03
7.391202139215383795e+03
7.413151649866477783e+03
7.435101160517571770e+03
7.457050671168665758e+03
7.479000181819759746e+03
7.500949692470853734e+03
7.522899203121947721e+03
7.544848713773041709e+03
7.566798224424135697e+03
7.588747735075229684e+03
7.610697245726323672e+03
7.632646756377417660e+03
7.654596267028511647e+03
7.676545777679605635e+03
7.698495288330699623e+03
7.720444798981793610e+03
7.742394309632887598e+03
7.764343820283981586e+03
7.786293330935075574e+03
7.808242841586169561e+03
7.830192352237263549e+03
7.852141862888357537e+03
7.874091373539451524e+03
7.896040884190545512e+03
7.917990394841639500e+03
7.939939905492733487e+03
7.961889416143827475e+03
7.983838926794921463e+03
8.005788437446015450e+03
8.027737948097109438e+03
8.049687458748203426e+03
8.071636969399297413e+03
8.093586480050391401e+03
8.115535990701485389e+03
8.137485501352579377e+03
8.159435012003673364e+03
8.181384522654767352e+03
8.203334033305860430e+03
8.225283543956953508e+03
8.247233054608046587e+03
8.269182565259139665e+03
8.291132075910232743e+03
8.313081586561325821e+03
8.335031097212418899e+03
8.356980607863511977e+03
8.378930118514605056e+03
8.400879629165698134e+03
8.422829139816791212e+03
8.444778650467884290e+03
8.466728161118977368e+03
8.488677671770070447e+03
8.510627182421163525e+03
8.532576693072256603e+03
8.554526203723349681e+03
8.576475714374442759e+03
8.598425225025535838e+03
8.620374735676628916e+03
8.642324246327721994e+03
8.664273756978815072e+03
8.686223267629908150e+03
8.708172778281001229e+03
8.730122288932094307e+03
8.752071799583187385e+03
8.774021310234280463e+03
8.795970820885373541e+03
8.817920331536466620e+03
8.839869842187559698e+03
8.861819352838652776e+03
8.883768863489745854e+03
8.905718374140838932e+03
8.927667884791932011e+03
8.949617395443025089e+03
8.971566906094118167e+03
8.993516416745211245e+03
9.015465927396304323e+03
9.037415438047397402e+03
9.059364948698490480e+03
9.081314459349583558e+03
9.103263970000676636e+03
9.125213480651769714e+03
9.147162991302862793e+03
9.169112501953955871e+03
9.191062012605048949e+03
9.213011523256142027e+03
9.234961033907235105e+03
9.256910544558328183e+03
9.278860055209421262e+03
9.300809565860514340e+03
9.322759076511607418e+03
9.344708587162700496e+03
9.366658097813793574e+03
9.388607608464886653e+03
9.410557119115979731e+03
9.432506629767072809e+03
9.454456140418165887e+03
9.476405651069258965e+03
9.498355161720352044e+03
9.520304672371445122e+03
9.542254183022538200e+03
9.564203693673631278e+03
9.586153204324724356e+03
9.608102714975817435e+03
9.630052225626910513e+03
9.652001736278003591e+03
9.673951246929096669e+03
9.695900757580189747e+03
9.717850268231282826e+03
9.739799778882375904e+03
9.761749289533468982e+03
9.783698800184562060e+03
9.805648310835655138e+03
9.827597821486748217e+03
9.849547332137841295e+03
9.871496842788934373e+03
9.893446353440027451e+03
9.915395864091120529e+03
9.937345374742213608e+03
9.959294885393306686e+03
9.981244396044399764e+03
1.000319390669549284e+04
1.002514341734658592e+04
1.004709292799767900e+04
1.006904243864877208e+04
1.009099194929986515e+04
1.011294145995095823e+04
1.013489097060205131e+04
1.015684048125314439e+04
1.017878999190423747e+04
1.020073950255533055e+04
1.022268901320642362e+04
1.024463852385751670e+04
1.026658803450860978e+04
1.028853754515970286e+04
1.031048705581079594e+04
1.033243656646188902e+04
1.035438607711298209e+04
1.037633558776407517e+04
1.039828509841516825e+04
1.042023460906626133e+04
1.044218411971735441e+04
1.046413363036844748e+04
1.048608314101954056e+04
1.050803265167063364e+04
1.052998216232172672e+04
1.055193167297281980e+04
1.057388118362391288e+04
1.059583069427500595e+04
1.061778020492609903e+04
1.063972971557719211e+04
1.066167922622828519e+04
1.068362873687937827e+04
1.070557824753047134e+04
1.072752775818156442e+04
1.074947726883265750e+04
1.077142677948375058e+04
1.079337629013484366e+04
1.081532580078593674e+04
1.083727531143702981e+04
1.085922482208812289e+04
1.088117433273921597e+04
1.090312384339030905e+04
1.092507335404140213e+04
1.094702286469249520e+04
1.096897237534358828e+04
1.099092188599468136e+04
1.101287139664577444e+04
1.103482090729686752e+04
1.105677041794796060e+04
1.107871992859905367e+04
1.110066943925014675e+04
1.112261894990123983e+04
1.114456846055233291e+04
1.116651797120342599e+04
1.118846748185451906e+04
1.121041699250561214e+04
1.123236650315670522e+04
1.125431601380779830e+04
1.127626552445889138e+04
1.129821503510998446e+04
1.132016454576107753e+04
1.134211405641217061e+04
1.136406356706326369e+04
1.138601307771435677e+04
1.140796258836544985e+04
1.142991209901654292e+04
1.145186160966763600e+04
1.147381112031872908e+04
1.149576063096982216e+04
1.151771014162091524e+04
1.153965965227200832e+04
1.156160916292310139e+04
1.158355867357419447e+04
1.160550818422528755e+04
1.162745769487638063e+04
1.164940720552747371e+04
1.167135671617856678e+04
1.169330622682965986e+04
1.171525573748075294e+04
1.173720524813184602e+04
1.175915475878293910e+04
1.178110426943403218e+04
1.180305378008512525e+04
1.182500329073621833e+04
1.184695280138731141e+04
1.186890231203840449e+04
1.189085182268949757e+04
1.191280133334059065e+04
1.193475084399168372e+04
1.195670035464277680e+04
1.197864986529386988e+04
1.200059937594496296e+04
1.202254888659605604e+04
1.204449839724714911e+04
1.206644790789824219e+04
1.208839741854933527e+04
1.211034692920042835e+04
1.213229643985152143e+04
1.215424595050261451e+04
1.217619546115370758e+04
1.219814497180480066e+04
1.222009448245589374e+04
1.224204399310698682e+04
1.226399350375807990e+04
1.228594301440917297e+04
1.230789252506026605e+04
1.232984203571135913e+04
1.235179154636245221e+04
1.237374105701354529e+04
1.239569056766463837e+04
1.241764007831573144e+04
1.243958958896682452e+04
1.246153909961791760e+04
1.248348861026901068e+04
1.250543812092010376e+04
1.252738763157119683e+04
1.254933714222228991e+04
1.257128665287338299e+04
1.259323616352447607e+04
1.261518567417556915e+04
1.263713518482666223e+04
1.265908469547775530e+04
1.268103420612884838e+04
1.270298371677994146e+04
1.272493322743103454e+04
1.274688273808212762e+04
1.276883224873322069e+04
1.279078175938431377e+04
1.281273127003540685e+04
1.283468078068649993e+04
1.285663029133759301e+04
1.287857980198868609e+04
1.290052931263977916e+04
1.292247882329087224e+04
1.294442833394196532e+04
1.296637784459305840e+04
1.298832735524415148e+04
1.301027686589524455e+04
1.303222637654633763e+04
1.305417588719743071e+04
1.307612539784852379e+04
1.309807490849961687e+04
1.312002441915070995e+04
1.314197392980180302e+04
1.316392344045289610e+04
1.318587295110398918e+04
1.320782246175508226e+04
1.322977197240617534e+04
1.325172148305726841e+04
1.327367099370836149e+04
1.329562050435945457e+04
1.331757001501054765e+04
1.333951952566164073e+04
1.336146903631273381e+04
1.338341854696382688e+04
1.340536805761491996e+04
1.342731756826601304e+04
1.344926707891710612e+04
1.347121658956819920e+04
1.349316610021929228e+04
1.351511561087038535e+04
1.353706512152147843e+04
1.355901463217257151e+04
1.358096414282366459e+04
1.360291365347475767e+04
1.362486316412585074e+04
1.364681267477694382e+04
1.366876218542803690e+04
1.369071169607912998e+04
1.371266120673022306e+04
1.373461071738131614e+04
1.375656022803240921e+04
1.377850973868350229e+04
1.380045924933459537e+04
1.382240875998568845e+04
1.384435827063678153e+04
1.386630778128787460e+04
1.388825729193896768e+04
1.391020680259006076e+04
1.393215631324115384e+04
1.395410582389224692e+04
1.397605533454334000e+04
1.399800484519443307e+04
1.401995435584552615e+04
1.404190386649661923e+04
1.406385337714771231e+04
1.408580288779880539e+04
1.410775239844989846e+04
1.412970190910099154e+04
1.415165141975208462e+04
1.417360093040317770e+04
1.419555044105427078e+04
1.421749995170536386e+04
1.423944946235645693e+04
1.426139897300755001e+04
1.428334848365864309e+04
1.430529799430973617e+04
1.432724750496082925e+04
1.434919701561192232e+04
1.437114652626301540e+04
1.439309603691410848e+04
1.441504554756520156e+04
1.443699505821629464e+04
1.445894456886738772e+04
1.448089407951848079e+04
1.450284359016957387e+04
1.452479310082066695e+04
1.454674261147176003e+04
1.456869212212285311e+04
1.459064163277394618e+04
1.461259114342503926e+04
1.463454065407613234e+04
1.465649016472722542e+04
1.467843967537831850e+04
1.470038918602941158e+04
1.472233869668050465e+04
1.474428820733159773e+04
1.476623771798269081e+04
1.478818722863378389e+04
1.481013673928487697e+04
1.483208624993597005e+04
1.485403576058706312e+04
1.487598527123815620e+04
1.489793478188924928e+04
1.491988429254034236e+04
1.494183380319143544e+04
1.496378331384252851e+04
1.498573282449362159e+04
1.500768233514471467e+04
1.502963184579580775e+04
1.505158135644690083e+04
1.507353086709799391e+04
1.509548037774908698e+04
1.511742988840018006e+04
1.513937939905127314e+04
1.516132890970236622e+04
1.518327842035345930e+04
1.520522793100455237e+04
1.522717744165564545e+04
1.524912695230673853e+04
1.527107646295783161e+04
1.529302597360892469e+04
1.531497548426001777e+04
1.533692499491111084e+04
1.535887450556220392e+04
1.538082401621329700e+04
1.540277352686439008e+04
1.542472303751548316e+04
1.544667254816657623e+04
1.546862205881766931e+04
1.549057156946876239e+04
1.551252108011985547e+04
1.553447059077094855e+04
1.555642010142204163e+04
1.557836961207313470e+04
1.560031912272422778e+04
1.562226863337532086e+04
1.564421814402641394e+04
1.566616765467750702e+04
1.568811716532860009e+04
1.571006667597969317e+04
1.573201618663078625e+04
1.575396569728187933e+04
1.577591520793297241e+04
1.579786471858406549e+04
1.581981422923515856e+04
1.584176373988625164e+04
1.586371325053734472e+04
1.588566276118843780e+04
1.590761227183953088e+04
1.592956178249062395e+04
1.595151129314171703e+04
1.597346080379281011e+04
1.599541031444390319e+04
1.601735982509499627e+04
1.603930933574608935e+04
1.606125884639718242e+04
1.608320835704827550e+04
1.610515786769936858e+04
1.612710737835046166e+04
1.614905688900155474e+04
1.617100639965264781e+04
1.619295591030374089e+04
1.621490542095483397e+04
1.623685493160592705e+04
1.625880444225702013e+04
1.628075395290811321e+04
1.630270346355920628e+04
1.632465297421029936e+04
1.634660248486139244e+04
1.636855199551248552e+04
1.639050150616357860e+04
1.641245101681467349e+04
1.643440052746576839e+04
1.645635003811686329e+04
1.647829954876795819e+04
1.650024905941905308e+04
1.652219857007014798e+04
1.654414808072124288e+04
1.656609759137233777e+04
1.658804710202343267e+04
1.660999661267452757e+04
1.663194612332562247e+04
1.665389563397671736e+04
1.667584514462781226e+04
1.669779465527890716e+04
1.671974416593000205e+04
1.674169367658109695e+04
1.676364318723219185e+04
1.678559269788328675e+04
1.680754220853438164e+04
1.682949171918547654e+04
1.685144122983657144e+04
1.687339074048766633e+04
1.689534025113876123e+04
1.691728976178985613e+04
1.693923927244095103e+04
1.696118878309204592e+04
1.698313829374314082e+04
1.700508780439423572e+04
1.702703731504533062e+04
1.704898682569642551e+04
1.707093633634752041e+04
1.709288584699861531e+04
1.711483535764971020e+04
1.713678486830080510e+04
1.715873437895190000e+04
1.718068388960299490e+04
1.720263340025408979e+04
1.722458291090518469e+04
1.724653242155627959e+04
1.726848193220737448e+04
1.729043144285846938e+04
1.731238095350956428e+04
1.733433046416065918e+04
1.735627997481175407e+04
1.737822948546284897e+04
1.740017899611394387e+04
1.742212850676503876e+04
1.744407801741613366e+04
1.746602752806722856e+04
1.748797703871832346e+04
1.750992654936941835e+04
1.753187606002051325e+04
1.755382557067160815e+04
1.757577508132270304e+04
1.759772459197379794e+04
1.761967410262489284e+04
1.764162361327598774e+04
1.766357312392708263e+04
1.768552263457817753e+04
1.770747214522927243e+04
1.772942165588036733e+04
1.775137116653146222e+04
1.777332067718255712e+04
1.779527018783365202e+04
1.781721969848474691e+04
1.783916920913584181e+04
1.786111871978693671e+04
1.788306823043803161e+04
1.790501774108912650e+04
1.792696725174022140e+04
1.794891676239131630e+04
1.797086627304241119e+04
1.799281578369350609e+04
1.801476529434460099e+04
1.803671480499569589e+04
1.805866431564679078e+04
1.808061382629788568e+04
1.810256333694898058e+04
1.812451284760007547e+04
1.814646235825117037e+04
1.816841186890226527e+04
1.819036137955336017e+04
1.821231089020445506e+04
1.823426040085554996e+04
1.825620991150664486e+04
1.827815942215773975e+04
1.830010893280883465e+04
1.832205844345992955e+04
1.834400795411102445e+04
1.836595746476211934e+04
1.838790697541321424e+04
1.840985648606430914e+04
1.843180599671540404e+04
1.845375550736649893e+04
1.847570501801759383e+04
1.849765452866868873e+04
1.851960403931978362e+04
1.854155354997087852e+04
1.856350306062197342e+04
1.858545257127306832e+04
1.860740208192416321e+04
1.862935159257525811e+04
1.865130110322635301e+04
1.867325061387744790e+04
1.869520012452854280e+04
1.871714963517963770e+04
1.873909914583073260e+04
1.876104865648182749e+04
1.878299816713292239e+04
1.880494767778401729e+04
1.882689718843511218e+04
1.884884669908620708e+04
1.887079620973730198e+04
1.889274572038839688e+04
1.891469523103949177e+04
1.893664474169058667e+04
1.895859425234168157e+04
1.898054376299277646e+04
1.900249327364387136e+04
1.902444278429496626e+04
1.904639229494606116e+04
1.906834180559715605e+04
1.909029131624825095e+04
1.911224082689934585e+04
1.913419033755044074e+04
1.915613984820153564e+04
1.917808935885263054e+04
1.920003886950372544e+04
1.922198838015482033e+04
1.924393789080591523e+04
1.926588740145701013e+04
1.928783691210810503e+04
1.930978642275919992e+04
1.933173593341029482e+04
1.935368544406138972e+04
1.937563495471248461e+04
1.939758446536357951e+04
1.941953397601467441e+04
1.944148348666576931e+04
1.946343299731686420e+04
1.948538250796795910e+04
1.950733201861905400e+04
1.952928152927014889e+04
1.955123103992124379e+04
1.957318055057233869e+04
1.959513006122343359e+04
1.961707957187452848e+04
1.963902908252562338e+04
1.966097859317671828e+04
1.968292810382781317e+04
1.970487761447890807e+04
1.972682712513000297e+04
1.974877663578109787e+04
1.977072614643219276e+04
1.979267565708328766e+04
1.981462516773438256e+04
1.983657467838547745e+04
1.985852418903657235e+04
1.988047369968766725e+04
1.990242321033876215e+04
1.992437272098985704e+04
1.994632223164095194e+04
1.996827174229204684e+04
1.999022125294314174e+04
2.001217076359423663e+04
2.003412027424533153e+04
2.005606978489642643e+04
2.007801929554752132e+04
2.009996880619861622e+04
2.012191831684971112e+04
2.014386782750080602e+04
2.016581733815190091e+04
2.018776684880299581e+04
2.020971635945409071e+04
2.023166587010518560e+04
2.025361538075628050e+04
2.027556489140737540e+04
2.029751440205847030e+04
2.031946391270956519e+04
2.034141342336066009e+04
2.036336293401175499e+04
2.038531244466284988e+04
2.040726195531394478e+04
2.042921146596503968e+04
2.045116097661613458e+04
2.047311048726722947e+04
2.049505999791832437e+04
2.051700950856941927e+04
2.053895901922051416e+04
2.056090852987160906e+04
2.058285804052270396e+04
2.060480755117379886e+04
2.062675706182489375e+04
2.064870657247598865e+04
2.067065608312708355e+04
2.069260559377817845e+04
2.071455510442927334e+04
2.073650461508036824e+04
2.075845412573146314e+04
2.078040363638255803e+04
2.080235314703365293e+04
2.082430265768474783e+04
2.084625216833584273e+04
2.086820167898693762e+04
2.089015118963803252e+04
2.091210070028912742e+04
2.093405021094022231e+04
2.095599972159131721e+04
2.097794923224241211e+04
2.099989874289350701e+04
2.102184825354460190e+04
2.104379776419569680e+04
2.106574727484679170e+04
2.108769678549788659e+04
2.110964629614898149e+04
2.113159580680007639e+04
2.115354531745117129e+04
2.117549482810226618e+04
2.119744433875336108e+04
2.121939384940445598e+04
2.124134336005555087e+04
2.126329287070664577e+04
2.128524238135774067e+04
2.130719189200883557e+04
