0.000000000000000000e+00
-5.805702824818964689e-04
-2.318916632082183762e-03
-5.209960566084395964e-03
-9.248539773962853941e-03
-1.442935625440284336e-02
-2.074692515873144405e-02
-2.819552434888572198e-02
-3.676914468181241569e-02
-4.646144103593213837e-02
-5.726568409900836820e-02
-6.917471294043389674e-02
-8.218088839458166650e-02
-9.627604728545957613e-02
-1.114514575264557855e-01
-1.276977741324585025e-01
-1.450049961850776170e-01
-1.633624247950796748e-01
-1.827586221094682495e-01
-2.031813714138913374e-01
-2.246176383842317381e-01
-2.470535335443266312e-01
-2.704742759897628135e-01
-2.948641584405952698e-01
-3.202065136886300123e-01
-3.464836825075890414e-01
-3.736769830970237405e-01
-4.017666821332535054e-01
-4.307319675028656314e-01
-4.605509227964090235e-01
-4.912005036418325976e-01
-5.226565159589471321e-01
-5.548935962177087289e-01
-5.878851937844182807e-01
-6.216035554409891084e-01
-6.560197121632286299e-01
-6.911034682446040023e-01
-7.268233928521811160e-01
-7.631468141013355577e-01
-8.000398157354011719e-01
-8.374672364956330384e-01
-8.753926722656927284e-01
-9.137784810732929586e-01
-9.525857910296448017e-01
-9.917745112849156719e-01
-1.031303346075001848e+00
-1.071129811931534448e+00
-1.111210258123145778e+00
-1.151499890391608494e+00
-1.191952798041508332e+00
-1.232521984436601548e+00
-1.273159400949934739e+00
-1.313815984408148951e+00
-1.354441698063151289e+00
-1.394985576116502646e+00
-1.435395771813447352e+00
-1.475619609114491082e+00
-1.515603637942828374e+00
-1.555293692995744603e+00
-1.594634956097373157e+00
-1.633572022058903173e+00
-1.672048968000537927e+00
-1.710009426077206518e+00
-1.747396659537295172e+00
-1.784153642030506193e+00
-1.820223140067435130e+00
-1.855547798519619151e+00
-1.890070229034723326e+00
-1.923733101227246278e+00
-1.956479236490720419e+00
-1.988251704262925079e+00
-2.018993920561201083e+00
-2.048649748590637643e+00
-2.077163601213780630e+00
-2.104480545056682583e+00
-2.130546406012658434e+00
-2.155307875892142455e+00
-2.178712619954638718e+00
-2.200709385047021183e+00
-2.221248108061483428e+00
-2.240280024416334559e+00
-2.257757776253686455e+00
-2.273635520039989366e+00
-2.287869033248398409e+00
-2.300415819796211014e+00
-2.311235213906147834e+00
-2.320288482057154766e+00
-2.327538922688714873e+00
-2.332951963322452471e+00
-2.336495254766115526e+00
-2.338138762067872634e+00
-2.337854851893280017e+00
-2.335618376003282481e+00
-2.331406750519184889e+00
-2.325200030669693607e+00
-2.316980980725811268e+00
-2.306735138841583321e+00
-2.294450876532359018e+00
-2.280119452537300528e+00
-2.263735060829282997e+00
-2.245294872552990206e+00
-2.224799071690840346e+00
-2.202250884276275578e+00
-2.177656600994806624e+00
-2.151025593034921801e+00
-2.122370321073415056e+00
-2.091706337302737140e+00
-2.059052280431527215e+00
-2.024429863613367964e+00
-1.987863855282941294e+00
-1.949382052902978391e+00
-1.909015249649600676e+00
-1.866797194087687073e+00
-1.822764542911674335e+00
-1.776956806850580550e+00
-1.729416289858918931e+00
-1.680188021737454962e+00
-1.629319684349332942e+00
-1.576861531617893109e+00
-1.522866303512423913e+00
-1.467389134247071514e+00
-1.410487454936112384e+00
-1.352220890965706301e+00
-1.292651154358066989e+00
-1.231841931418653502e+00
-1.169858765970484438e+00
-1.106768938491981658e+00
-1.042641341485841755e+00
-9.775463514163120760e-01
-9.115556975609022672e-01
-8.447423281300030506e-01
-7.771802740141141586e-01
-7.089445105234162270e-01
-6.401108174882695900e-01
-5.707556380919096561e-01
-5.009559368081438757e-01
-4.307890568172689783e-01
-3.603325772727337672e-01
-2.896641707892985140e-01
-2.188614615206058711e-01
-1.480018841902038251e-01
-7.716254443516863681e-02
-6.420080815587050904e-03
6.414947116371011449e-02
1.344708126805915505e-01
2.044695125424355331e-01
2.740721351321703247e-01
3.432063650439816649e-01
4.118011281105711796e-01
4.797867085361494643e-01
5.470948618624768001e-01
6.136589235091947092e-01
6.794139126443967669e-01
7.442966311568322002e-01
8.082457575172872222e-01
8.712019353335076488e-01
9.331078564204644543e-01
9.939083382257792865e-01
1.053550395468660028e+00
1.111983305869695293e+00
1.169158669868250122e+00
1.225030464243935802e+00
1.279555089578613636e+00
1.332691411515558588e+00
1.384400795792683159e+00
1.434647137047002641e+00
1.483396881407744949e+00
1.530619042915551731e+00
1.576285213825028064e+00
1.620369568867343402e+00
1.662848863568605173e+00
1.703702426738209930e+00
1.742912147259238820e+00
1.780462455330114713e+00
1.816340298323100733e+00
1.850535111440698932e+00
1.883038783365542645e+00
1.913845617112892139e+00
1.942952286307270571e+00
1.970357787116071568e+00
1.996063386083075208e+00
2.020072564113690294e+00
2.042390956871357410e+00
2.063026291850897476e+00
2.081988322399624725e+00
2.099288758960807577e+00
2.114941197816502250e+00
2.128961047607968560e+00
2.141365453911792116e+00
2.152173222148523468e+00
2.161404739098151229e+00
2.169081893293074881e+00
2.175227994554514321e+00
2.179867692932522694e+00
2.183026897303029568e+00
2.184732693867709852e+00
2.185013264794005039e+00
2.183897807223406762e+00
2.181416452866229427e+00
2.177600188390612423e+00
2.172480776802500735e+00
2.166090680001933499e+00
2.158462982689191012e+00
2.149631317782317197e+00
2.139629793495299470e+00
2.128492922213835570e+00
2.116255551293234394e+00
2.102952795890628224e+00
2.088619973931405305e+00
2.073292543297660107e+00
2.057006041314545897e+00
2.039796026598788448e+00
2.021698023322289650e+00
2.002747467932781245e+00
1.982979658362928221e+00
1.962429705749133557e+00
1.941132488671615919e+00
1.919122609918140654e+00
1.896434355765081570e+00
1.873101657761319538e+00
1.849158056992836086e+00
1.824636670798745142e+00
1.799570161902936949e+00
1.773990709919471831e+00
1.747929985184360158e+00
1.721419124861394589e+00
1.694488711265245584e+00
1.667168752341079641e+00
1.639488664236504523e+00
1.611477255898664307e+00
1.583162715626777794e+00
1.554572599508331043e+00
1.525733821665461454e+00
1.496672646236799631e+00
1.467414681019133305e+00
1.437984872692711136e+00
1.408407503553782192e+00
1.378706189678057248e+00
1.348903880439141112e+00
1.319022859306619777e+00
1.289084745849352620e+00
1.259110498870599448e+00
1.229120420602898056e+00
1.199134161892053685e+00
1.169170728301215822e+00
1.139248487067757054e+00
1.109385174847532518e+00
1.079597906183057621e+00
1.049903182634187804e+00
1.020316902511998691e+00
9.908543711587306513e-01
9.615303117188701565e-01
9.323588763486796438e-01
9.033536578137346673e-01
8.745277014262903270e-01
8.458935172765499333e-01
8.174630927141509629e-01
7.892479050384040296e-01
7.612589343580097312e-01
7.335066765831382840e-01
7.060011565148690549e-01
6.787519409990619979e-01
6.517681521137485001e-01
6.250584803610996776e-01
5.986311978369380782e-01
5.724941713526079390e-01
5.466548754858099324e-01
5.211204055387284040e-01
4.958974903834414416e-01
4.709925051761993942e-01
4.464114839236846266e-01
4.221601318858304586e-01
3.982438378011743385e-01
3.746676859220523514e-01
3.514364678482093662e-01
3.285546941486041650e-01
3.060266057623292069e-01
2.838561851706450923e-01
2.620471673331499773e-01
2.406030503820655031e-01
2.195271060695261622e-01
1.988223899636075986e-01
1.784917513896274177e-01
1.585378431139955191e-01
1.389631307685875172e-01
1.197699020142612703e-01
1.009602754427392224e-01
8.253620921663665233e-02
6.449950944793197971e-02
4.685183831565103291e-02
2.959472192397460608e-02
1.272955790238028059e-02
-3.742377250204837608e-03
-1.981992107492865779e-02
-3.550201831360239729e-02
-5.078771431746507969e-02
-6.567614870099078295e-02
-8.016654923738592009e-02
-9.425822599222782872e-02
-1.079505656915245859e-01
-1.212430263203249647e-01
-1.341351319478764625e-01
-1.466264677752190104e-01
-1.587166754010067848e-01
-1.704054483012733823e-01
-1.816925275187933064e-01
-1.925776975576433403e-01
-2.030607824785334026e-01
-2.131416421904513414e-01
-2.228201689341547109e-01
-2.320962839530393562e-01
-2.409699343469221544e-01
-2.494410901042893591e-01
-2.575097413085855047e-01
-2.651758955141470531e-01
-2.724395752874205212e-01
-2.793008159091463494e-01
-2.857596632332358721e-01
-2.918161716981187981e-01
-2.974704024863933371e-01
-3.027224218286682089e-01
-3.075722994475465488e-01
-3.120201071377632918e-01
-3.160659174785541148e-01
-3.197098026743979138e-01
-3.229518335203439006e-01
-3.257920784882017973e-01
-3.282306029299426609e-01
-3.302674683947270373e-01
-3.319027320560456462e-01
-3.331364462455281283e-01
-3.339686580900421142e-01
-3.343994092487740932e-01
-3.344287357470499544e-01
-3.340566679037194064e-01
-3.332832303489930981e-01
-3.321084421296855993e-01
-3.305323168988791860e-01
-3.285548631870837677e-01
-3.261760847520290829e-01
-3.233959810042810190e-01
-3.202145475059314794e-01
-3.166317765396630679e-01
-3.126476577455449823e-01
-3.082621788229639170e-01
-3.034753262951440655e-01
-2.982870863337557799e-01
-2.926974456411570724e-01
-2.867063923878550025e-01
-2.803139172028132897e-01
-2.735200142142725777e-01
-2.663246821387844632e-01
-2.587279254161959918e-01
-2.507297553883534591e-01
-2.423301915193246114e-01
-2.335292626549675399e-01
-2.243270083197003162e-01
-2.147234800483511230e-01
-2.047187427509909452e-01
-1.943128761086724554e-01
-1.835059759980177951e-01
-1.722981559426156883e-01
-1.606895485892045894e-01
-1.486803072066323617e-01
-1.362706072055962225e-01
-1.234606476771775430e-01
-1.102506529481960540e-01
-9.664087415141627002e-02
-8.263159080864557193e-02
-6.822311242476937487e-02
-5.341578009077271871e-02
-3.820996809380093617e-02
-2.260608553231403806e-02
-6.604577934389919969e-03
9.794071122768092247e-03
2.658933839406599220e-02
4.378065935044375689e-02
6.136742656744136049e-02
7.934898812036110527e-02
9.772464598798574764e-02
1.164936544668170315e-01
1.356552185978053271e-01
1.552084926075472660e-01
1.751525783659349522e-01
1.954865238622487678e-01
2.162093217016916036e-01
2.373199076243724948e-01
2.588171590487547413e-01
2.806998936415919244e-01
3.029668679163852740e-01
3.256167758624032293e-01
3.486482476063135216e-01
3.720598481084870235e-01
3.958500758960411536e-01
4.200173618346990656e-01
4.445600679415502854e-01
4.694764862408049022e-01
4.947648376646434087e-01
5.204232710012703933e-01
5.464498618922883910e-01
5.728426118815148627e-01
5.995994475173711535e-01
6.267182195109787246e-01
6.541967019521034432e-01
6.820325915850924403e-01
7.102235071469528149e-01
7.387669887697254634e-01
7.676604974493081990e-01
7.969014145828862139e-01
8.264870415771277123e-01
8.564145995293038771e-01
8.866812289834907768e-01
9.172839897640101547e-01
9.482198608882644875e-01
9.794857405611164802e-01
1.011078446252961172e+00
1.042994714863632710e+00
1.075231202974281652e+00
1.107784487189352740e+00
1.140651064570784357e+00
1.173827353166540854e+00
1.207309692635582410e+00
1.241094344971362506e+00
1.275177495325931609e+00
1.309555252936717151e+00
1.344223652158029081e+00
1.379178653599332005e+00
1.414416145372304534e+00
1.449931944448692889e+00
1.485721798130947402e+00
1.521781385637611450e+00
1.558106319805415030e+00
1.594692148910003437e+00
1.631534358607213742e+00
1.668628373996788206e+00
1.705969561810391832e+00
1.743553232725784108e+00
1.781374643808964597e+00
1.819429001086096509e+00
1.857711462246984802e+00
1.896217139481864322e+00
1.934941102453228590e+00
1.973878381404409188e+00
2.013023970406589758e+00
2.052372830745918808e+00
2.091919894452361373e+00
2.131660067971909545e+00
2.171588235983749282e+00
2.211699265363964884e+00
2.251988009297339222e+00
2.292449311538792944e+00
2.333078010825992532e+00
2.373868945444637557e+00
2.414816957947930831e+00
2.455916900031721806e+00
2.497163637566807814e+00
2.538552055789873751e+00
2.580077064654545893e+00
2.621733604344041346e+00
2.663516650946897713e+00
2.705421222297276440e+00
2.747442383981346214e+00
2.789575255511274499e+00
2.831815016668370433e+00
2.874156914016960496e+00
2.916596267590602309e+00
2.959128477752290376e+00
3.001749032230347503e+00
3.044453513331754291e+00
3.087237605334727242e+00
3.130097102062423975e+00
3.173027914639738434e+00
3.216026079435224894e+00
3.259087766190294388e+00
3.302209286337930205e+00
3.345387101513286776e+00
3.388617832258661089e+00
3.431898266925473617e+00
3.475225370776038769e+00
3.518596295288081599e+00
3.562008387665129394e+00
3.605459200556104804e+00
3.648946501987661239e+00
3.692468285513020199e+00
3.736022780581325087e+00
3.779608463131777008e+00
3.823224066417107103e+00
3.866868592061239340e+00
3.910541321356315159e+00
3.954241826804599569e+00
3.997969983911155101e+00
4.041725983233550146e+00
4.085510342695301667e+00
4.129323920170169693e+00
4.173167926344910406e+00
4.217043937868576897e+00
4.260953910796986932e+00
4.304900194341540143e+00
4.348885544932137748e+00
4.392913140604605360e+00
4.436986595723651838e+00
4.481109976053112121e+00
4.525287814185933399e+00
4.569525125347152716e+00
4.613827423583909848e+00
4.658200738357403559e+00
4.702651631552591027e+00
4.747187214922378828e+00
4.791815167984037060e+00
4.836543756386616266e+00
4.881381850769232145e+00
4.926338946131223473e+00
4.971425181736396581e+00
5.016651361574814949e+00
5.062028975406900777e+00
5.107570220416000950e+00
5.153288023496985559e+00
5.199196064209955281e+00
5.245308798429690889e+00
5.291641482723103529e+00
5.338210199488640839e+00
5.385031882893370536e+00
5.432124345645297225e+00
5.479506306640374191e+00
5.527197419525648137e+00
5.575218302222038957e+00
5.623590567452366074e+00
5.672336854322444388e+00
5.721480861005341367e+00
5.771047378581226184e+00
5.821062326087661276e+00
5.871552786837662907e+00
5.922547046065403720e+00
5.974074629962037974e+00
6.026166346166785814e+00
6.078854325781128942e+00
6.132172066976744773e+00
6.186154480270424472e+00
6.240837935542263182e+00
6.296260310876399480e+00
6.352461043305333455e+00
6.409481181542994399e+00
6.467363440793657325e+00
6.526152259726636373e+00
6.585893859708883191e+00
6.646636306390665716e+00
6.708429573741129026e+00
6.771325610632707104e+00
6.835378410075120037e+00
6.900644081200760560e+00
6.967180924104616757e+00
7.035049507642045619e+00
7.104312750287228972e+00
7.175036004155046498e+00
7.247287142286782391e+00
7.321136649297754317e+00
7.396657715481162576e+00
7.473926334457409837e+00
7.553021404451772725e+00
7.634024833275040223e+00
7.717021647071513613e+00
7.802100102886739386e+00
7.889351805091838976e+00
7.978871825683807373e+00
8.070758828459972278e+00
8.165115197039481743e+00
8.262047166675280607e+00
8.361664959766264005e+00
8.464082924938738373e+00
8.569419679520590805e+00
8.677798255178126752e+00
8.789346246424059927e+00
8.904195961634815859e+00
9.022484576134500500e+00
9.144354286810841614e+00
9.269952467623040704e+00
9.399431825242201555e+00
9.532950553928936088e+00
9.670672488599015182e+00
9.812767254853680399e+00
9.959410414554785262e+00
1.011078360530315301e+01
1.026707467192930245e+01
1.042847778782572732e+01
1.059519356363601617e+01
1.076742914046532640e+01
1.094539826438469809e+01
1.112932133856579497e+01
1.131942544889772684e+01
1.151594435840078035e+01
1.171911846515862621e+01
1.192919471783689289e+01
1.214642648213873777e+01
1.237107335076345116e+01
1.260340088857999596e+01
1.284368030380161585e+01
1.309218803495005190e+01
1.334920524232971850e+01
1.361501719159656965e+01
1.388991251580997854e+01
1.417418234110852993e+01
1.446811925986651559e+01
1.477201613388762347e+01
1.508616470890228101e+01
1.541085402039100671e+01
1.574636856960310993e+01
1.609298624763507135e+01
1.645097598464694499e+01
1.682059510081490572e+01
1.720208633554873145e+01
1.759567453196993370e+01
1.800156295479763457e+01
1.841992922179742109e+01
1.885092083201106661e+01
1.929465027832593194e+01
1.975118973781027165e+01
2.022056534090427959e+01
2.070275103030305530e+01
2.119766203249015035e+01
2.170514797966750109e+01
2.222498573754511142e+01
2.275687201532135973e+01
2.330041585834554496e+01
2.385513115143990248e+01
2.442042929154294484e+01
2.499561222188976117e+01
2.557986605577607975e+01
2.617225555515528157e+01
2.677171976661432495e+01
2.737706915297633259e+01
2.798698459075352574e+01
2.860001862935247985e+01
2.921459942433931900e+01
2.982903776091495729e+01
3.044153757157175377e+01
3.105021032029488026e+01
3.165309357156293757e+01
3.224817398341140517e+01
3.283341485865912546e+01
3.340678825728423362e+01
3.396631151800281145e+01
3.451008786271152218e+01
3.503635057037154610e+01
3.554351001628384665e+01
3.603020268978207241e+01
3.649534114092003989e+01
3.693816367818968160e+01
3.735828255766111994e+01
3.775572938046754956e+01
3.813099645854577346e+01
3.848507302211770309e+01
3.881947532568838710e+01
3.913626995606829695e+01
3.943808994458505879e+01
3.972814362018056755e+01
4.001021649118662538e+01
4.028866679033261988e+01
4.056841563914534277e+01
4.085493306574453953e+01
4.115422132874006422e+01
4.147279714885906543e+01
4.181767452327244428e+01
4.219634979433164546e+01
4.261679056744244320e+01
4.308742992749683509e+01
4.361716719581425394e+01
4.421537620475845642e+01
4.489192174639431698e+01
4.565718447009415826e+01
4.652209404879712906e+01
4.749816988033533960e+01
4.859756790016878369e+01
4.983313119830382476e+01
5.121844097710386734e+01
5.276786285200525128e+01
5.449658144555790784e+01
5.642061348223491279e+01
5.855678594559252303e+01
6.092266106910378909e+01
6.353638374882817175e+01
6.641641918741196093e+01
6.958113915318541842e+01
7.304820445563954934e+01
7.683368005335557882e+01
8.095080974423939324e+01
8.540837365044761498e+01
9.020856049659016662e+01
9.534431841500290261e+01
1.007962169356179629e+02
1.065289752763648750e+02
1.124880009331644146e+02
1.185965356600627558e+02
1.247542874963949373e+02
1.308386478622834659e+02
1.367096008614568632e+02
1.422190467856689509e+02
1.472243654331163896e+02
1.516047227670744917e+02
1.552772683307779289e+02
1.582096082327923057e+02
1.604253234630175200e+02
1.620009123787087333e+02
1.630547940867806744e+02
1.637309640104865878e+02
1.641807816623029339e+02
1.645460423523077793e+02
1.649453786768853263e+02
1.654648185263100686e+02
1.661524992177739080e+02
1.670172731934537467e+02
1.680311100832335853e+02
1.691354966661179446e+02
1.702521042461879404e+02
1.712975500152206791e+02
1.722010603348589370e+02
1.729225304426888670e+02
1.734674833278219239e+02
1.738954451595471653e+02
1.743195726228303215e+02
1.748975751034771235e+02
1.758160926112070968e+02
1.772717568333174540e+02
1.794518118126746344e+02
1.825157727460107822e+02
1.865779562543775114e+02
1.916896489017792646e+02
1.978198490808856036e+02
2.048354061522826157e+02
2.124851876024559658e+02
2.203979348435473753e+02
2.281070606794977778e+02
2.351127972997855977e+02
2.409782616278817784e+02
2.454338071530989396e+02
2.484478274938837217e+02
2.502292871491333983e+02
2.511584559821745302e+02
2.516757305985935886e+02
2.521704611932672719e+02
2.529003272326617662e+02
2.539534001777414005e+02
2.552540356907580019e+02
2.566109164357323493e+02
2.578020120437153651e+02
2.586795915885630848e+02
2.592626259651662508e+02
2.597789681078463104e+02
2.606370337189952124e+02
2.623377933697942126e+02
2.653593003473167187e+02
2.700438464754302004e+02
2.765013486465030041e+02
2.845326621089516266e+02
2.935871931035412103e+02
3.027957539001469058e+02
3.111318875942005207e+02
3.177069662501242533e+02
3.220907733781832007e+02
3.244678362688800348e+02
3.255148189671169234e+02
3.260740560907964891e+02
3.268122640835135826e+02
3.280114867329365325e+02
3.295438003616296783e+02
3.310250528710245703e+02
3.321018949308639776e+02
3.327546263999553844e+02
3.334464513977756042e+02
3.350169228968630932e+02
3.383763055526681569e+02
3.441508841461863426e+02
3.523924129401729033e+02
3.624082100070344268e+02
3.727994985109582444e+02
3.818459436819542248e+02
3.882254165101704757e+02
3.916744782343016027e+02
3.930452838302651344e+02
3.936862586216728346e+02
3.946441045567214587e+02
3.961986955135914172e+02
3.979202910128024087e+02
3.991921246920599060e+02
3.999115988106446480e+02
4.008689218735509030e+02
4.034681359461731631e+02
4.089807717006802363e+02
4.177903206997976895e+02
4.289419302795566296e+02
4.402382045557594097e+02
4.491537483142815290e+02
4.543125214661892528e+02
4.563242334474950894e+02
4.570718015850071652e+02
4.581715774602126885e+02
4.599754701013361569e+02
4.617416054392706428e+02
4.627761047495459934e+02
4.636231303240207922e+02
4.661228725602004488e+02
4.721926991300319401e+02
4.823400056949195687e+02
4.948522269184372249e+02
5.063031322602129194e+02
5.136816101046450740e+02
5.166905768599990552e+02
5.176010961267604671e+02
5.187945739957618798e+02
5.207995715118992166e+02
5.225531097884984320e+02
5.234554510396086471e+02
5.250233185494388408e+02
5.300570035498004700e+02
5.400946826120784863e+02
5.534989926067119086e+02
5.658310976928524951e+02
5.731635676493950768e+02
5.756244690893003053e+02
5.765268567330559790e+02
5.782938996570264862e+02
5.804582492557253772e+02
5.816683875239548343e+02
5.830218543496894199e+02
5.880479881535602544e+02
5.989706603578293880e+02
6.135098592291717523e+02
6.257396711334789643e+02
6.316237487089996421e+02
6.330978841210618384e+02
6.344521764016722045e+02
6.368102158454512391e+02
6.384254494991051843e+02
6.396520862471743385e+02
6.446535145781145957e+02
6.564761478556589509e+02
6.720572439588434008e+02
6.838647592262193484e+02
6.883190318869941393e+02
6.894386495759450781e+02
6.915249815962748698e+02
6.938010987984645226e+02
6.949330120127430064e+02
6.987622559542677436e+02
7.101078754619645679e+02
7.266134071460901396e+02
7.392372958087156576e+02
7.435623337375060373e+02
7.447704400206349646e+02
7.472628037418043050e+02
7.492477766430509973e+02
7.508601406195571144e+02
7.583900107509285817e+02
7.743531490387046006e+02
7.903932361460534821e+02
7.974487690340932886e+02
7.988835657734671258e+02
8.013186772192693752e+02
8.035650716382079963e+02
8.053024036402399588e+02
8.138949424915651889e+02
8.314886322022904324e+02
8.469513028295486947e+02
8.520106027035268426e+02
8.535115125627407906e+02
8.564621567044102903e+02
8.580500683104652353e+02
8.628044586886281877e+02
8.783691730781890783e+02
8.970546907079468610e+02
9.051536782093551210e+02
9.067430603213481390e+02
9.097684776648533216e+02
9.115793481639619813e+02
9.165409259714851942e+02
9.334352333615297539e+02
9.523686558852840562e+02
9.589845189377599581e+02
9.607755702958912707e+02
9.639772643078612191e+02
9.657867736994721781e+02
9.757895881298214817e+02
9.970471108980889312e+02
1.010745930324707160e+03
1.013121071435120825e+03
1.016311502390534656e+03
1.018368271099580738e+03
1.025405078453689612e+03
1.046449841014980848e+03
1.063179017907794105e+03
1.066268178258867692e+03
1.069523686496132541e+03
1.071713967693979612e+03
1.079989487906861314e+03
1.102873442984800704e+03
1.117734756059659958e+03
1.120112061989775384e+03
1.123805574430068418e+03
1.126203222290475878e+03
1.141195589516898281e+03
1.165164958900661759e+03
1.172631507640253858e+03
1.175556751986189738e+03
1.178389213391389831e+03
1.186734436576166217e+03
1.211991097835657001e+03
1.225677190801417964e+03
1.228228769437658457e+03
1.231811890107265754e+03
1.238010098644752134e+03
1.263272693920244365e+03
1.279412008064348356e+03
1.282143180440589958e+03
1.285864907527704872e+03
1.293306505900038019e+03
1.320638413780191058e+03
1.334236365015884303e+03
1.337420476962688781e+03
1.340667339519447523e+03
1.354232715940870321e+03
1.382799231101566193e+03
1.389632267347857123e+03
1.394050898179663818e+03
1.398211546785559676e+03
1.424384846072210848e+03
1.443636492606149659e+03
1.447087394715262235e+03
1.450721169740469122e+03
1.468136720861003823e+03
1.496758085431805512e+03
1.501313822605477526e+03
1.505896400750898238e+03
1.517939033334983833e+03
1.550341573562753410e+03
1.556992215894475976e+03
1.561984853356753547e+03
1.572982453548466765e+03
1.606893351059135284e+03
1.613863351538130701e+03
1.618977938239599098e+03
1.633093962195563563e+03
1.666827836687625222e+03
1.672220772170118835e+03
1.677035057456107552e+03
1.700196604240670695e+03
1.727796878999791033e+03
1.732696044406490273e+03
1.738245735932857087e+03
1.774602991817308066e+03
1.787848724090540372e+03
1.793764913898127134e+03
1.811609324866516772e+03
1.845846637425700237e+03
1.851363924323757828e+03
1.858038793813618895e+03
1.898890429917937354e+03
1.908989768165030910e+03
1.915008898390489321e+03
1.948212514429727889e+03
1.969276187244824314e+03
1.976035141611886729e+03
2.000415894660417734e+03
2.031386601505419321e+03
2.038373960214088356e+03
2.058373847913139798e+03
2.094699457398870436e+03
2.101980517161618991e+03
2.122394210789845147e+03
2.159353802001055556e+03
2.167103260147801393e+03
2.193258329613841852e+03
2.225279395724409369e+03
2.233497774695013049e+03
2.272104041735802639e+03
2.293261074835467753e+03
2.301895950468829597e+03
2.354694283640365484e+03
2.365889734051645974e+03
2.380857811782686895e+03
2.429230118031774509e+03
2.438975271214883833e+03
2.482855437520422583e+03
2.503076297178150071e+03
2.515574502479500552e+03
2.572086974012017890e+03
2.583188857572819416e+03
2.634353821027963477e+03
2.652452416058014933e+03
2.672958089316278802e+03
2.718618878457602932e+03
2.731410584805847520e+03
2.798912481450889118e+03
2.812869167926640785e+03
2.877719948469688916e+03
2.895056364019707871e+03
2.943783514499978082e+03
2.967860161548695032e+03
3.002304257297298591e+03
3.034093793854438445e+03
3.060731636198656815e+03
3.097990123596461217e+03
3.121611777674342648e+03
3.160553554759081635e+03
3.184078762554646346e+03
3.220544096597672251e+03
3.246468420593813789e+03
3.276929252929805898e+03
3.308879641152864224e+03
3.332292071562040746e+03
3.376092132129784204e+03
3.395361443652519938e+03
3.457561230968501150e+03
3.478167547592954634e+03
3.556677972768233758e+03
3.581057221530859806e+03
3.645283714953501203e+03
3.677014992739126228e+03
3.706226103678063282e+03
3.782545805863097485e+03
3.813911753049206709e+03
3.896385245594509342e+03
3.933195821922421146e+03
3.965550836056725529e+03
4.071185815272092441e+03
4.107429302653029481e+03
4.147510473932172317e+03
4.260189779717270540e+03
4.302250587113273468e+03
4.343606739595902582e+03
4.475407052636420303e+03
4.518515613575493262e+03
4.578810305016368147e+03
4.667576111161026347e+03
4.803324758057804502e+03
4.852257557625847767e+03
4.933420688997588513e+03
4.997432267460194453e+03
5.180015149711188315e+03
5.305810193656981028e+03
5.357801193083188082e+03
5.470320695412480745e+03
5.580519364179453987e+03
5.639105959882220304e+03
5.715154450721742251e+03
5.864750562857556361e+03
6.102939989736593816e+03
6.438537761463763673e+03
6.882959124484718814e+03
7.262847106592521413e+03
7.424637592880679222e+03
7.848796750984424762e+03
8.198834203214279114e+03
9.530697050732596836e+03
9.908603542161634323e+03
1.162541101749589143e+04
1.704972871520208719e+04
1.807732312636831557e+04
1.932657984355512963e+04
1.999314318423913937e+04
2.064949557739758893e+04
2.121270685707486336e+04
2.140228434256794935e+04
2.177854741988116803e+04
2.184171112737484873e+04
2.193054302953893784e+04
2.193835365079862459e+04
2.194665530500924433e+04
2.194792491012880055e+04
2.194895505941239026e+04
2.194922731667035623e+04
2.194939594338254756e+04
2.194945755293466209e+04
2.194949006733581700e+04
2.194950417831053346e+04
2.194951058883667429e+04
2.194951342157947875e+04
2.194951428459364979e+04
2.194951442458695601e+04
2.194951414674341868e+04
2.194951373553521989e+04
2.194951331907937856e+04
2.194951288731675959e+04
2.194951254336594502e+04
2.194951220158770593e+04
2.194951195244897826e+04
2.194951170377744711e+04
2.194951153155244538e+04
2.194951135639932545e+04
2.194951123968987304e+04
2.194951111798497368e+04
2.194951103971317207e+04
2.194951095566125150e+04
2.194951090357939029e+04
2.194951084573269691e+04
2.194951081138853988e+04
2.194951077170740973e+04
2.194951074934851567e+04
2.194951072225217649e+04
2.194951070797770808e+04
2.194951068960329940e+04
2.194951068076609226e+04
2.194951066843683657e+04
2.194951066323645136e+04
2.194951065509239197e+04
2.194951065230157838e+04
2.194951064704637247e+04
2.194951064582759136e+04
2.194951064255537494e+04
2.194951064233737998e+04
2.194951064041413701e+04
2.194951064080849756e+04
2.194951063979039100e+04
2.194951064053467780e+04
2.194951064011151175e+04
2.194951064103038152e+04
2.194951064098622737e+04
2.194951064196459265e+04
2.194951064215016595e+04
2.194951064311457958e+04
2.194951064342779500e+04
2.194951064433349893e+04
2.194951064470568963e+04
2.194951064552754542e+04
2.194951064591364411e+04
2.194951064663978104e+04
2.194951064701131327e+04
2.194951064763866816e+04
2.194951064797875006e+04
2.194951064850994590e+04
2.194951064880967897e+04
2.194951064925083119e+04
2.194951064950673754e+04
2.194951064986594793e+04
2.194951065007812576e+04
2.194951065036443470e+04
2.194951065053524508e+04
2.194951065075793667e+04
2.194951065089108670e+04
2.194951065105921225e+04
2.194951065115909660e+04
2.194951065128118717e+04
2.194951065135245153e+04
2.194951065143635424e+04
2.194951065148359339e+04
2.194951065153636591e+04
2.194951065156393452e+04
2.194951065159182326e+04
2.194951065160370854e+04
2.194951065161216320e+04
2.194951065161193037e+04
2.194951065160563303e+04
2.194951065159639620e+04
2.194951065157930498e+04
2.194951065156373443e+04
2.194951065153915988e+04
2.194951065151949297e+04
2.194951065149015267e+04
2.194951065146822293e+04
2.194951065143631058e+04
2.194951065141359140e+04
2.194951065138083868e+04
2.194951065135847603e+04
2.194951065132621443e+04
2.194951065130507050e+04
2.194951065127429683e+04
2.194951065125498280e+04
2.194951065122640284e+04
2.194951065120932617e+04
2.194951065118340557e+04
2.194951065116880272e+04
2.194951065114581070e+04
2.194951065113376899e+04
2.194951065111381831e+04
2.194951065110432319e+04
2.194951065108739931e+04
2.194951065108034163e+04
2.194951065106633905e+04
2.194951065106155147e+04
2.194951065105028829e+04
2.194951065104755253e+04
2.194951065103880319e+04
2.194951065103787550e+04
2.194951065103138171e+04
2.194951065103200744e+04
2.194951065102749271e+04
2.194951065102940629e+04
2.194951065102659049e+04
2.194951065102953726e+04
2.194951065102814755e+04
2.194951065103188375e+04
2.194951065103165456e+04
2.194951065103595101e+04
2.194951065103663859e+04
2.194951065104128793e+04
2.194951065104266672e+04
2.194951065104749068e+04
2.194951065104936060e+04
2.194951065105419548e+04
2.194951065105638190e+04
2.194951065106109672e+04
2.194951065106344686e+04
2.194951065106793249e+04
2.194951065107032264e+04
2.194951065107449540e+04
2.194951065107682371e+04
2.194951065108061812e+04
2.194951065108280818e+04
2.194951065108618059e+04
2.194951065108816692e+04
2.194951065109109186e+04
2.194951065109283809e+04
2.194951065109530828e+04
2.194951065109678893e+04
2.194951065109880437e+04
2.194951065110000854e+04
2.194951065110158743e+04
2.194951065110251511e+04
2.194951065110368290e+04
2.194951065110434502e+04
2.194951065110513082e+04
2.194951065110554555e+04
2.194951065110598574e+04
2.194951065110617856e+04
2.194951065110631680e+04
2.194951065110631316e+04
2.194951065110618947e+04
2.194951065110601849e+04
2.194951065110567652e+04
2.194951065110537093e+04
2.194951065110485069e+04
2.194951065110443960e+04
2.194951065110378477e+04
2.194951065110330092e+04
2.194951065110254785e+04
2.194951065110201671e+04
2.194951065110119816e+04
2.194951065110064519e+04
2.194951065109979390e+04
2.194951065109924457e+04
2.194951065109838964e+04
2.194951065109785850e+04
2.194951065109702176e+04
2.194951065109653064e+04
2.194951065109573392e+04
2.194951065109529372e+04
2.194951065109455158e+04
2.194951065109416959e+04
2.194951065109349292e+04
2.194951065109318006e+04
2.194951065109257979e+04
2.194951065109233605e+04
2.194951065109181582e+04
2.194951065109164483e+04
2.194951065109120464e+04
2.194951065109110641e+04
2.194951065109074989e+04
2.194951065109071715e+04
2.194951065109043702e+04
2.194951065109046976e+04
2.194951065109026604e+04
2.194951065109035335e+04
2.194951065109021874e+04
2.194951065109035699e+04
2.194951065109028423e+04
2.194951065109046249e+04
2.194951065109044430e+04
2.194951065109065530e+04
2.194951065109068077e+04
2.194951065109091724e+04
2.194951065109098272e+04
2.194951065109123738e+04
2.194951065109133197e+04
2.194951065109159754e+04
2.194951065109171395e+04
2.194951065109197953e+04
2.194951065109211049e+04
2.194951065109237243e+04
2.194951065109251067e+04
2.194951065109276169e+04
2.194951065109289993e+04
2.194951065109313640e+04
2.194951065109327101e+04
2.194951065109348565e+04
2.194951065109361298e+04
2.194951065109380579e+04
2.194951065109392221e+04
2.194951065109408955e+04
2.194951065109419142e+04
2.194951065109433330e+04
2.194951065109441697e+04
2.194951065109453339e+04
2.194951065109460251e+04
2.194951065109468982e+04
2.194951065109474075e+04
2.194951065109480260e+04
2.194951065109483534e+04
2.194951065109487172e+04
2.194951065109488991e+04
2.194951065109490446e+04
2.194951065109490446e+04
2.194951065109489718e+04
2.194951065109488627e+04
2.194951065109486080e+04
2.194951065109483534e+04
2.194951065109479168e+04
2.194951065109475894e+04
2.194951065109470437e+04
2.194951065109466435e+04
2.194951065109459887e+04
2.194951065109455158e+04
2.194951065109447882e+04
2.194951065109442789e+04
2.194951065109435149e+04
2.194951065109430056e+04
2.194951065109422052e+04
2.194951065109416959e+04
2.194951065109408955e+04
2.194951065109404226e+04
2.194951065109396222e+04
2.194951065109391857e+04
2.194951065109384217e+04
2.194951065109380215e+04
2.194951065109373303e+04
2.194951065109370029e+04
2.194951065109363481e+04
2.194951065109360934e+04
2.194951065109355113e+04
2.194951065109353294e+04
2.194951065109348565e+04
2.194951065109347473e+04
2.194951065109343472e+04
2.194951065109343108e+04
2.194951065109339834e+04
2.194951065109340198e+04
2.194951065109337651e+04
2.194951065109338742e+04
2.194951065109336923e+04
2.194951065109338379e+04
2.194951065109337287e+04
2.194951065109339470e+04
2.194951065109339106e+04
2.194951065109341653e+04
2.194951065109342017e+04
2.194951065109344927e+04
2.194951065109345654e+04
2.194951065109348929e+04
2.194951065109350020e+04
2.194951065109353294e+04
2.194951065109354749e+04
2.194951065109358024e+04
2.194951065109359479e+04
2.194951065109362753e+04
2.194951065109364572e+04
2.194951065109367846e+04
2.194951065109369665e+04
2.194951065109372939e+04
2.194951065109374758e+04
2.194951065109377669e+04
2.194951065109379488e+04
2.194951065109382398e+04
2.194951065109383853e+04
2.194951065109386400e+04
2.194951065109387855e+04
2.194951065109390038e+04
2.194951065109391129e+04
2.194951065109392948e+04
2.194951065109394040e+04
2.194951065109395495e+04
2.194951065109396222e+04
2.194951065109397314e+04
2.194951065109397678e+04
2.194951065109398405e+04
2.194951065109398769e+04
2.194951065109399133e+04
2.194951065109399133e+04
2.194951065109399133e+04
2.194951065109399133e+04
2.194951065109398769e+04
2.194951065109398405e+04
2.194951065109397678e+04
2.194951065109397314e+04
2.194951065109396586e+04
2.194951065109395859e+04
2.194951065109394767e+04
2.194951065109394040e+04
2.194951065109392948e+04
2.194951065109392221e+04
2.194951065109390765e+04
2.194951065109390038e+04
2.194951065109388583e+04
2.194951065109387855e+04
2.194951065109386400e+04
2.194951065109385672e+04
2.194951065109384217e+04
2.194951065109383489e+04
2.194951065109382034e+04
2.194951065109381307e+04
2.194951065109380215e+04
2.194951065109379488e+04
2.194951065109378396e+04
2.194951065109378033e+04
2.194951065109376941e+04
2.194951065109376577e+04
2.194951065109375486e+04
2.194951065109375122e+04
2.194951065109374395e+04
2.194951065109374395e+04
2.194951065109373667e+04
2.194951065109373667e+04
2.194951065109373303e+04
2.194951065109373303e+04
2.194951065109372939e+04
2.194951065109373303e+04
2.194951065109372939e+04
2.194951065109373303e+04
2.194951065109373303e+04
2.194951065109373667e+04
2.194951065109373667e+04
2.194951065109374395e+04
2.194951065109374395e+04
2.194951065109375122e+04
2.194951065109375486e+04
2.194951065109376214e+04
2.194951065109376577e+04
2.194951065109377305e+04
2.194951065109377669e+04
2.194951065109378396e+04
2.194951065109378760e+04
2.194951065109379488e+04
2.194951065109379851e+04
2.194951065109380579e+04
2.194951065109380943e+04
2.194951065109381670e+04
2.194951065109382034e+04
2.194951065109382762e+04
2.194951065109383126e+04
2.194951065109383489e+04
2.194951065109383853e+04
2.194951065109384217e+04
2.194951065109384581e+04
2.194951065109384945e+04
2.194951065109385308e+04
2.194951065109385672e+04
2.194951065109386036e+04
2.194951065109386400e+04
2.194951065109386400e+04
2.194951065109386400e+04
2.194951065109386400e+04
2.194951065109386400e+04
2.194951065109386400e+04
2.194951065109386400e+04
2.194951065109386400e+04
2.194951065109386400e+04
2.194951065109386400e+04
2.194951065109386400e+04
2.194951065109386400e+04
2.194951065109386036e+04
2.194951065109386036e+04
2.194951065109385672e+04
2.194951065109385672e+04
2.194951065109385308e+04
2.194951065109384945e+04
2.194951065109384581e+04
2.194951065109384217e+04
2.194951065109383853e+04
2.194951065109383489e+04
2.194951065109383126e+04
2.194951065109382762e+04
2.194951065109382398e+04
2.194951065109382034e+04
2.194951065109381670e+04
2.194951065109381670e+04
2.194951065109381307e+04
2.194951065109381307e+04
2.194951065109380943e+04
2.194951065109380943e+04
2.194951065109380579e+04
2.194951065109380579e+04
2.194951065109380215e+04
2.194951065109380215e+04
2.194951065109379851e+04
2.194951065109379851e+04
2.194951065109379851e+04
2.194951065109379851e+04
2.194951065109379851e+04
2.194951065109379851e+04
2.194951065109379851e+04
2.194951065109379851e+04
2.194951065109379851e+04
2.194951065109379851e+04
2.194951065109379851e+04
2.194951065109379851e+04
2.194951065109379851e+04
2.194951065109379851e+04
2.194951065109379851e+04
2.194951065109379851e+04
2.194951065109379851e+04
2.194951065109379851e+04
2.194951065109379851e+04
2.194951065109380215e+04
2.194951065109380215e+04
2.194951065109380579e+04
2.194951065109380579e+04
2.194951065109380943e+04
2.194951065109380943e+04
2.194951065109381307e+04
2.194951065109381307e+04
2.194951065109381670e+04
2.194951065109381670e+04
2.194951065109381670e+04
2.194951065109381670e+04
2.194951065109381670e+04
2.194951065109381670e+04
2.194951065109381670e+04
2.194951065109381670e+04
2.194951065109381670e+04
2.194951065109381670e+04
2.194951065109381670e+04
2.194951065109381670e+04
2.194951065109381670e+04
2.194951065109381670e+04
2.194951065109381670e+04
2.194951065109381670e+04
2.194951065109381670e+04
2.194951065109381670e+04
2.194951065109381670e+04
2.194951065109381670e+04
2.194951065109381670e+04
2.194951065109381670e+04
2.194951065109381670e+04
2.194951065109381670e+04
2.194951065109381670e+04
2.194951065109381670e+04
2.194951065109381670e+04
2.194951065109381670e+04
2.194951065109381670e+04
2.194951065109381670e+04
2.194951065109381670e+04
2.194951065109381670e+04
2.194951065109381670e+04
2.194951065109381670e+04
2.194951065109381670e+04
2.194951065109381670e+04
2.194951065109381670e+04
2.194951065109381670e+04
2.194951065109381670e+04
2.194951065109381670e+04
2.194951065109381670e+04
2.194951065109381670e+04
2.194951065109381670e+04
2.194951065109381670e+04
2.194951065109381670e+04
2.194951065109381670e+04
2.194951065109381670e+04
2.194951065109381670e+04
2.194951065109381670e+04
2.194951065109381670e+04
2.194951065109381670e+04
2.194951065109381670e+04
2.194951065109381670e+04
2.194951065109381670e+04
2.194951065109381670e+04
2.194951065109381670e+04
2.194951065109381670e+04
2.194951065109381670e+04
2.194951065109381670e+04
2.194951065109381670e+04
2.194951065109381670e+04
2.194951065109381670e+04
2.194951065109381670e+04
2.194951065109381670e+04
2.194951065109381670e+04
2.194951065109381670e+04
2.194951065109381670e+04
2.194951065109381670e+04
2.194951065109381670e+04
2.194951065109381670e+04
2.194951065109381670e+04
2.194951065109381670e+04
2.194951065109381670e+04
2.194951065109381670e+04
2.194951065109381670e+04
2.194951065109381670e+04
2.194951065109381670e+04
2.194951065109381670e+04
2.194951065109381670e+04
2.194951065109381670e+04
2.194951065109381670e+04
2.194951065109381670e+04
2.194951065109381670e+04
2.194951065109381670e+04
2.194951065109381670e+04
2.194951065109381670e+04
2.194951065109381670e+04
2.194951065109381670e+04
2.194951065109381670e+04
2.194951065109381670e+04
2.194951065109381670e+04
2.194951065109381670e+04
2.194951065109381670e+04
2.194951065109381670e+04
2.194951065109381670e+04
2.194951065109381670e+04
2.194951065109381670e+04
2.194951065109381670e+04
2.194951065109381670e+04
2.194951065109381670e+04
2.194951065109381670e+04
2.194951065109381670e+04
2.194951065109381670e+04
2.194951065109381670e+04
2.194951065109381670e+04
2.194951065109381670e+04
2.194951065109381670e+04
2.194951065109381670e+04
2.194951065109381670e+04
2.194951065109381670e+04
2.194951065109381670e+04
2.194951065109381670e+04
2.194951065109381670e+04
2.194951065109381670e+04
2.194951065109381670e+04
2.194951065109381670e+04
2.194951065109381670e+04
2.194951065109381670e+04
2.194951065109381670e+04
2.194951065109381670e+04
2.194951065109381670e+04
2.194951065109381670e+04
2.194951065109381670e+04
2.194951065109381670e+04
2.194951065109381670e+04
2.194951065109381670e+04
2.194951065109381670e+04
2.194951065109381670e+04
2.194951065109381670e+04
2.194951065109381670e+04
2.194951065109381670e+04
2.194951065109381670e+04
2.194951065109381670e+04
2.194951065109381670e+04
2.194951065109381670e+04
2.194951065109381670e+04
2.194951065109381670e+04
2.194951065109381670e+04
2.194951065109381670e+04
2.194951065109381670e+04
2.194951065109381670e+04
2.194951065109381670e+04
2.194951065109381670e+04
2.194951065109381670e+04
2.194951065109381670e+04
2.194951065109381670e+04
2.194951065109381670e+04
2.194951065109381670e+04
2.194951065109381670e+04
2.194951065109381670e+04
2.194951065109381670e+04
2.194951065109381670e+04
2.194951065109381670e+04
2.194951065109381670e+04
2.194951065109381670e+04
2.194951065109381670e+04
2.194951065109381670e+04
2.194951065109381670e+04
2.194951065109381670e+04
2.194951065109381670e+04
2.194951065109381670e+04
2.194951065109381670e+04
2.194951065109381670e+04
2.194951065109381670e+04
2.194951065109381670e+04
2.194951065109381670e+04
2.194951065109381670e+04
2.194951065109381670e+04
2.194951065109381670e+04
2.194951065109381670e+04
2.194951065109381670e+04
2.194951065109381670e+04
2.194951065109381670e+04
2.194951065109381670e+04
2.194951065109381670e+04
2.194951065109381670e+04
2.194951065109381670e+04
2.194951065109381670e+04
2.194951065109381670e+04
2.194951065109381670e+04
2.194951065109381670e+04
2.194951065109381670e+04
2.194951065109381670e+04
2.194951065109381670e+04
2.194951065109381670e+04
2.194951065109381670e+04
2.194951065109381670e+04
2.194951065109381670e+04
2.194951065109381670e+04
2.194951065109381670e+04
2.194951065109381670e+04
2.194951065109381670e+04
2.194951065109381670e+04
2.194951065109381670e+04
2.194951065109381670e+04
2.194951065109381670e+04
2.194951065109381670e+04
2.194951065109381670e+04
2.194951065109381670e+04
2.194951065109381670e+04
2.194951065109381670e+04
2.194951065109381670e+04
2.194951065109381670e+04
2.194951065109381670e+04
2.194951065109381670e+04
2.194951065109381670e+04
2.194951065109381670e+04
2.194951065109381670e+04
2.194951065109381670e+04
2.194951065109381670e+04
2.194951065109381670e+04
2.194951065109381670e+04
2.194951065109381670e+04
2.194951065109381670e+04
2.194951065109381670e+04
2.194951065109381670e+04
2.194951065109381670e+04
2.194951065109381670e+04
2.194951065109381670e+04
2.194951065109381670e+04
2.194951065109381670e+04
2.194951065109381670e+04
2.194951065109381670e+04
2.194951065109381670e+04
2.194951065109381670e+04
2.194951065109381670e+04
2.194951065109381670e+04
2.194951065109381670e+04
2.194951065109381670e+04
2.194951065109381670e+04
2.194951065109381670e+04
2.194951065109381670e+04
2.194951065109381670e+04
2.194951065109381670e+04
2.194951065109381670e+04
2.194951065109381670e+04
2.194951065109381670e+04
2.194951065109381670e+04
2.194951065109381670e+04
2.194951065109381670e+04
2.194951065109381670e+04
2.194951065109381670e+04
2.194951065109381670e+04
2.194951065109381670e+04
2.194951065109381670e+04
2.194951065109381670e+04
2.194951065109381670e+04
2.194951065109381670e+04
2.194951065109381670e+04
2.194951065109381670e+04
2.194951065109381670e+04
2.194951065109381670e+04
2.194951065109381670e+04
2.194951065109381670e+04
2.194951065109381670e+04
2.194951065109381670e+04
2.194951065109381670e+04
2.194951065109381670e+04
2.194951065109381670e+04
2.194951065109381670e+04
2.194951065109381670e+04
2.194951065109381670e+04
2.194951065109381670e+04
2.194951065109381670e+04
2.194951065109381670e+04
2.194951065109381670e+04
2.194951065109381670e+04
2.194951065109381670e+04
2.194951065109381670e+04
2.194951065109381670e+04
2.194951065109381670e+04
2.194951065109381670e+04
2.194951065109381670e+04
2.194951065109381670e+04
2.194951065109381670e+04
2.194951065109381670e+04
2.194951065109381670e+04
2.194951065109381670e+04
2.194951065109381670e+04
2.194951065109381670e+04
2.194951065109381670e+04
2.194951065109381670e+04
2.194951065109381670e+04
2.194951065109381670e+04
2.194951065109381670e+04
2.194951065109381670e+04
2.194951065109381670e+04
2.194951065109381670e+04
2.194951065109381670e+04
2.194951065109381670e+04
2.194951065109381670e+04
2.194951065109381670e+04
2.194951065109381670e+04
2.194951065109381670e+04
2.194951065109381670e+04
2.194951065109381670e+04
2.194951065109381670e+04
2.194951065109381670e+04
2.194951065109381670e+04
2.194951065109381670e+04
2.194951065109381670e+04
2.194951065109381670e+04
2.194951065109381670e+04
2.194951065109381670e+04
2.194951065109381670e+04
2.194951065109381670e+04
2.194951065109381670e+04
2.194951065109381670e+04
2.194951065109381670e+04
2.194951065109381670e+04
2.194951065109381670e+04
2.194951065109381670e+04
2.194951065109381670e+04
2.194951065109381670e+04
2.194951065109381670e+04
2.194951065109381670e+04
2.194951065109381670e+04
2.194951065109381670e+04
2.194951065109381670e+04
2.194951065109381670e+04
2.194951065109381670e+04
2.194951065109381670e+04
2.194951065109381670e+04
2.194951065109381670e+04
2.194951065109381670e+04
2.194951065109381670e+04
2.194951065109381670e+04
2.194951065109381670e+04
2.194951065109381670e+04
2.194951065109381670e+04
2.194951065109381670e+04
2.194951065109381670e+04
2.194951065109381670e+04
2.194951065109381670e+04
2.194951065109381670e+04
2.194951065109381670e+04
2.194951065109381670e+04
2.194951065109381670e+04
2.194951065109381670e+04
2.194951065109381670e+04
2.194951065109381670e+04
2.194951065109381670e+04
2.194951065109381670e+04
2.194951065109381670e+04
2.194951065109381670e+04
2.194951065109381670e+04
2.194951065109381670e+04
2.194951065109381670e+04
2.194951065109381670e+04
2.194951065109381670e+04
2.194951065109381670e+04
2.194951065109381670e+04
2.194951065109381670e+04
2.194951065109381670e+04
2.194951065109381670e+04
2.194951065109381670e+04
2.194951065109381670e+04
2.194951065109381670e+04
2.194951065109381670e+04
2.194951065109381670e+04
2.194951065109381670e+04
2.194951065109381670e+04
2.194951065109381670e+04
2.194951065109381670e+04
2.194951065109381670e+04
2.194951065109381670e+04
2.194951065109381670e+04
2.194951065109381670e+04
2.194951065109381670e+04
2.194951065109381670e+04
2.194951065109381670e+04
2.194951065109381670e+04
2.194951065109381670e+04
2.194951065109381670e+04
2.194951065109381670e+04
2.194951065109381670e+04
2.194951065109381670e+04
2.194951065109381670e+04
2.194951065109381670e+04
2.194951065109381670e+04
2.194951065109381670e+04
2.194951065109381670e+04
2.194951065109381670e+04
2.194951065109381670e+04
2.194951065109381670e+04
2.194951065109381670e+04
2.194951065109381670e+04
2.194951065109381670e+04
2.194951065109381670e+04
2.194951065109381670e+04
2.194951065109381670e+04
2.194951065109381670e+04
2.194951065109381670e+04
2.194951065109381670e+04
2.194951065109381670e+04
2.194951065109381670e+04
2.194951065109381670e+04
2.194951065109381670e+04
2.194951065109381670e+04
2.194951065109381670e+04
2.194951065109381670e+04
2.194951065109381670e+04
2.194951065109381670e+04
2.194951065109381670e+04
2.194951065109381670e+04
2.194951065109381670e+04
2.194951065109381670e+04
2.194951065109381670e+04
2.194951065109381670e+04
2.194951065109381670e+04
2.194951065109381670e+04
2.194951065109381670e+04
2.194951065109381670e+04
2.194951065109381670e+04
2.194951065109381670e+04
2.194951065109381670e+04
2.194951065109381670e+04
2.194951065109381670e+04
2.194951065109381670e+04
2.194951065109381670e+04
2.194951065109381670e+04
2.194951065109381670e+04
2.194951065109381670e+04
2.194951065109381670e+04
2.194951065109381670e+04
2.194951065109381670e+04
2.194951065109381670e+04
2.194951065109381670e+04
2.194951065109381670e+04
2.194951065109381670e+04
2.194951065109381670e+04
2.194951065109381670e+04
2.194951065109381670e+04
2.194951065109381670e+04
2.194951065109381670e+04
2.194951065109381670e+04
2.194951065109381670e+04
2.194951065109381670e+04
2.194951065109381670e+04
2.194951065109381670e+04
2.194951065109381670e+04
2.194951065109381670e+04
2.194951065109381670e+04
2.194951065109381670e+04
2.194951065109381670e+04
2.194951065109381670e+04
2.194951065109381670e+04
2.194951065109381670e+04
2.194951065109381670e+04
2.194951065109381670e+04
2.194951065109381670e+04
2.194951065109381670e+04
2.194951065109381670e+04
2.194951065109381670e+04
2.194951065109381670e+04
2.194951065109381670e+04
2.194951065109381670e+04
2.194951065109381670e+04
2.194951065109381670e+04
2.194951065109381670e+04
2.194951065109381670e+04
2.194951065109381670e+04
2.194951065109381670e+04
2.194951065109381670e+04
2.194951065109381670e+04
2.194951065109381670e+04
2.194951065109381670e+04
2.194951065109381670e+04
2.194951065109381670e+04
2.194951065109381670e+04
2.194951065109381670e+04
2.194951065109381670e+04
2.194951065109381670e+04
2.194951065109381670e+04
2.194951065109381670e+04
2.194951065109381670e+04
2.194951065109381670e+04
2.194951065109381670e+04
2.194951065109381670e+04
2.194951065109381670e+04
2.194951065109381670e+04
2.194951065109381670e+04
2.194951065109381670e+04
2.194951065109381670e+04
2.194951065109381670e+04
2.194951065109381670e+04
2.194951065109381670e+04
2.194951065109381670e+04
2.194951065109381670e+04
2.194951065109381670e+04
2.194951065109381670e+04
2.194951065109381670e+04
2.194951065109381670e+04
2.194951065109381670e+04
