0.000000000000000000e+00
2.132034193702832765e-07
8.515778063938100636e-07
1.913257292700263358e-06
3.396344826513073446e-06
5.298893353452307253e-06
7.618887310404769876e-06
1.035422443393642787e-05
1.350269788606368044e-05
1.706197870149479769e-05
2.102959856170145633e-05
2.540293290238300082e-05
3.017918436204284426e-05
3.535536658050766477e-05
4.092828835728521206e-05
4.689453818067597010e-05
5.325046913952678702e-05
5.999218423044098595e-05
6.711552207413851525e-05
7.461604305549089980e-05
8.248901590253860652e-05
9.072940472053156154e-05
9.933185649771652907e-05
1.082906891002263794e-04
1.175998797740052847e-04
1.272530541722281415e-04
1.372434759271422874e-04
1.475640367856713637e-04
1.582072473284748375e-04
1.691652282924494086e-04
1.804297025168888086e-04
1.919919875336841930e-04
2.038429888220461125e-04
2.159731937482585939e-04
2.283726662109340365e-04
2.410310420121220291e-04
2.539375249744322302e-04
2.670808838240600514e-04
2.804494498592509768e-04
2.940311154233000318e-04
3.078133332006594350e-04
3.217831163541114235e-04
3.359270395202569376e-04
3.502312406797686512e-04
3.646814239179589504e-04
3.792628630902154015e-04
3.939604064057581159e-04
4.087584819419739102e-04
4.236411041002771639e-04
4.385918810130408981e-04
4.535940229096286020e-04
4.686303514479417029e-04
4.836833100161780363e-04
4.987349750076753175e-04
5.137670680697931178e-04
5.287609693257686039e-04
5.436977315663711705e-04
5.585580954059813068e-04
5.733225053954355954e-04
5.879711270816226354e-04
6.024838650013815151e-04
6.168403815947677300e-04
6.310201170202045474e-04
6.450023098514554628e-04
6.587660186337341781e-04
6.722901442736343557e-04
6.855534532349183332e-04
6.985346015095696961e-04
7.112121593309010323e-04
7.235646365929330982e-04
7.355705089377379338e-04
7.472082444699843689e-04
7.584563310555564666e-04
7.692933041588484932e-04
7.796977751711934961e-04
7.896484601808722486e-04
7.991242091332898022e-04
8.081040353282183510e-04
8.165671451994973131e-04
8.244929683212770229e-04
8.318611875837928285e-04
8.386517694807884855e-04
8.448449944500703362e-04
8.504214872082809570e-04
8.553622470208427191e-04
8.596486778481379374e-04
8.632626183093712081e-04
8.661863714062000832e-04
8.684027339491218536e-04
8.698950256307634403e-04
8.706471176916320484e-04
8.706434611255388411e-04
8.698691143737934247e-04
8.683097704593725676e-04
8.659517835145741881e-04
8.627821946581594719e-04
8.587887571806445504e-04
8.539599609991991094e-04
8.482850563465290598e-04
8.417540766611239598e-04
8.343578606493263095e-04
8.260880734927845536e-04
8.169372271779682792e-04
8.068986999275154807e-04
7.959667547162195891e-04
7.841365568574212332e-04
7.714041906484132372e-04
7.577666750661707102e-04
7.432219785072555467e-04
7.277690325680870797e-04
7.114077448638986972e-04
6.941390108865876140e-04
6.759647249032977971e-04
6.568877898989350936e-04
6.369121265668855562e-04
6.160426813529855557e-04
5.942854335582669310e-04
5.716474015061697800e-04
5.481366477797826797e-04
5.237622835342356856e-04
4.985344718886493796e-04
4.724644304010409469e-04
4.455644326283254896e-04
4.178478087720444525e-04
3.893289454087301804e-04
3.600232843018976760e-04
3.299473202905759393e-04
2.991185982470820457e-04
2.675557090944353459e-04
2.352782848714460458e-04
2.023069928311301046e-04
1.686635285557387762e-04
1.343706080693912828e-04
9.945195892710179369e-05
6.393231025693900654e-05
2.783738173019103396e-05
-8.806128567230453344e-06
-4.597055739028717356e-05
-8.362729074642193746e-05
-1.217467794932197776e-04
-1.602985561524266993e-04
-1.992512529705937256e-04
-2.385726212561509532e-04
-2.782295520218091862e-04
-3.181880979598135026e-04
-3.584134967757257790e-04
-3.988701959040800754e-04
-4.395218786264345296e-04
-4.803314916090395750e-04
-5.212612738735597582e-04
-5.622727872100404803e-04
-6.033269480366172579e-04
-6.443840607053528697e-04
-6.854038522480752904e-04
-7.263455085502225350e-04
-7.671677119345070295e-04
-8.078286801297407393e-04
-8.482862065934576893e-04
-8.884977021500801856e-04
-9.284202378993577703e-04
-9.680105893427133536e-04
-1.007225281668018384e-03
-1.046020636126252087e-03
-1.084352817426528824e-03
-1.122177882069172938e-03
-1.159451827529933612e-03
-1.196130642202126006e-03
-1.232170355997513249e-03
-1.267527091501163914e-03
-1.302157115570378538e-03
-1.336016891263129471e-03
-1.369063129977340313e-03
-1.401252843678784570e-03
-1.432543397092445612e-03
-1.462892559729877607e-03
-1.492258557623459122e-03
-1.520600124637470256e-03
-1.547876553225642059e-03
-1.574047744505244423e-03
-1.599074257518894038e-03
-1.622917357557057292e-03
-1.645539063416706464e-03
-1.666902193474716336e-03
-1.686970410458361403e-03
-1.705708264799651180e-03
-1.723081236465188364e-03
-1.739055775158725821e-03
-1.753599338799579320e-03
-1.766680430186484381e-03
-1.778268631763324547e-03
-1.788334638410344702e-03
-1.796850288191954468e-03
-1.803788590999964858e-03
-1.809123755039034271e-03
-1.812831211109173753e-03
-1.814887634648322014e-03
-1.815270965506194864e-03
-1.813960425428791032e-03
-1.810936533241049159e-03
-1.806181117723142018e-03
-1.799677328183734056e-03
-1.791409642741157923e-03
-1.781363874330861401e-03
-1.769527174464583311e-03
-1.755888034773526443e-03
-1.740436286374254541e-03
-1.723163097102140343e-03
-1.704060966662901281e-03
-1.683123719758067944e-03
-1.660346497245117087e-03
-1.635725745397457066e-03
-1.609259203333475961e-03
-1.580945888687443780e-03
-1.550786081598194092e-03
-1.518781307094217107e-03
-1.484934315956055843e-03
-1.449249064138743472e-03
-1.411730690838442805e-03
-1.372385495288473483e-03
-1.331220912370548182e-03
-1.288245487127302616e-03
-1.243468848262111988e-03
-1.196901680711766683e-03
-1.148555697376832168e-03
-1.098443610093488695e-03
-1.046579099929335378e-03
-9.929767868840841654e-04
-9.376521990742789532e-04
-8.806217414791781299e-04
-8.219026643227552321e-04
-7.615130311644228338e-04
-6.994716867685919857e-04
-6.357982248205641023e-04
-5.705129555535306315e-04
-5.036368733486519837e-04
-4.351916243673128169e-04
-3.651994742717316672e-04
-2.936832760871456449e-04
-2.206664382558183048e-04
-1.461728929301431789e-04
-7.022706454914637297e-05
7.146161260252143019e-06
8.592146841877197074e-05
1.660731407315221462e-04
2.475750917932055648e-04
3.304008944317709520e-04
4.145238096631929112e-04
4.999168151326721784e-04
5.865526330200815071e-04
6.744037573899276444e-04
7.634424809684613742e-04
8.536409213328307937e-04
9.449710464993468697e-04
1.037404699900005590e-03
1.130913624738387859e-03
1.225469487717940334e-03
1.321043902137419932e-03
1.417608450349969011e-03
1.515134705583876277e-03
1.613594253124566759e-03
1.712958710858759762e-03
1.813199749183040839e-03
1.914289110280301609e-03
2.016198626768628179e-03
2.118900239728257161e-03
2.222366016113171052e-03
2.326568165554785805e-03
2.431479056565970503e-03
2.537071232154374401e-03
2.643317424854675808e-03
2.750190571189962963e-03
2.857663825572962727e-03
2.965710573658299990e-03
3.074304445157360118e-03
3.183419326127674611e-03
3.293029370749032438e-03
3.403109012598763260e-03
3.513632975438831310e-03
3.624576283527521786e-03
3.735914271468614850e-03
3.847622593611008633e-03
3.959677233011784335e-03
4.072054509975708662e-03
4.184731090184138497e-03
4.297683992426228061e-03
4.410890595945264267e-03
4.524328647412831014e-03
4.637976267543387869e-03
4.751811957361687204e-03
4.865814604135286492e-03
4.979963486984230296e-03
5.094238282179773536e-03
5.208619068143800768e-03
5.323086330160381116e-03
5.437620964810653025e-03
5.552204284141996210e-03
5.666818019582196657e-03
5.781444325609046836e-03
5.896065783185568294e-03
6.010665402970771440e-03
6.125226628315597575e-03
6.239733338053417636e-03
6.354169849094183642e-03
6.468520918831058286e-03
6.582771747368066154e-03
6.696907979577036880e-03
6.810915706991843392e-03
6.924781469547649539e-03
7.038492257172627303e-03
7.152035511239326210e-03
7.265399125882606932e-03
7.378571449190807381e-03
7.491541284276523327e-03
7.604297890233156602e-03
7.716830982983117690e-03
7.829130736023320533e-03
7.941187781073374974e-03
8.052993208631639352e-03
8.164538568444059882e-03
8.275815869890493573e-03
8.386817582292999812e-03
8.497536635150348960e-03
8.607966418302798531e-03
8.718100782030970691e-03
8.827934037092460134e-03
8.937460954699607066e-03
9.046676766441677509e-03
9.155577164154500569e-03
9.264158299740435365e-03
9.372416784941349499e-03
9.480349691067134835e-03
9.587954548682102451e-03
9.695229347251446000e-03
9.802172534749799618e-03
9.908783017233763896e-03
1.001506015838010862e-02
1.012100377899125339e-02
1.022661415646944003e-02
1.033189202426091496e-02
1.043683857127127024e-02
1.054145544125300628e-02
1.064574473216620999e-02
1.074970899551315646e-02
1.085335123564751432e-02
1.095667490905871504e-02
1.105968392363194247e-02
1.116238263788410512e-02
1.126477586017603054e-02
1.136686884790103283e-02
1.146866730664991563e-02
1.157017738935236552e-02
1.167140569539460750e-02
1.177235926971311256e-02
1.187304560186405386e-02
1.197347262506812983e-02
1.207364871523029619e-02
1.217358268993387095e-02
1.227328380740839130e-02
1.237276176547055621e-02
1.247202670043748643e-02
1.257108918601148109e-02
1.266996023213539345e-02
1.276865128381766273e-02
1.286717421992599787e-02
1.296554135194863226e-02
1.306376542272201513e-02
1.316185960512376157e-02
1.325983750072959495e-02
1.335771313843300313e-02
1.345550097302624336e-02
1.355321588374128888e-02
1.365087317274927756e-02
1.374848856361694273e-02
1.384607819971849126e-02
1.394365864260131878e-02
1.404124687030393337e-02
1.413886027562438752e-02
1.423651666433750976e-02
1.433423425335914568e-02
1.443203166885560600e-02
1.452992794429648279e-02
1.462794251844892757e-02
1.472609523331147412e-02
1.482440633198544785e-02
1.492289645648196481e-02
1.502158664546247857e-02
1.512049833191082999e-02
1.521965334073469879e-02
1.531907388629432168e-02
1.541878256985634681e-02
1.551880237697062827e-02
1.561915667476776112e-02
1.571986920917511910e-02
1.582096410204916759e-02
1.592246584822173613e-02
1.602439931245800211e-02
1.612678972632383689e-02
1.622966268496022629e-02
1.633304414376237843e-02
1.643696041496122556e-02
1.654143816410489840e-02
1.664650440643785853e-02
1.675218650317528146e-02
1.685851215767033423e-02
1.696550941147197469e-02
1.707320664027088541e-02
1.718163254973121765e-02
1.729081617120573761e-02
1.740078685733209563e-02
1.751157427750784507e-02
1.762320841324194545e-02
1.773571955338044265e-02
1.784913828920408480e-02
1.796349550939565706e-02
1.807882239487483902e-02
1.819515041349844403e-02
1.831251131462394849e-02
1.843093712353422592e-02
1.855046013572152208e-02
1.867111291102869358e-02
1.879292826764586075e-02
1.891593927596062902e-02
1.904017925226015803e-02
1.916568175228339915e-02
1.929248056462194369e-02
1.942060970396795525e-02
1.955010340420780535e-02
1.968099611136011132e-02
1.981332247635695862e-02
1.994711734766724601e-02
2.008241576376115431e-02
2.021925294541488879e-02
2.035766428785498391e-02
2.049768535274154244e-02
2.063935185998996488e-02
2.078269967943085356e-02
2.092776482230787605e-02
2.107458343261361944e-02
2.122319177826351502e-02
2.137362624210814577e-02
2.152592331278439450e-02
2.168011957540603302e-02
2.183625170209456401e-02
2.199435644235127676e-02
2.215447061327166164e-02
2.231663108960351902e-02
2.248087479365024760e-02
2.264723868502104345e-02
2.281575975022986577e-02
2.298647499214524076e-02
2.315942141929316911e-02
2.333463603501556918e-02
2.351215582648690308e-02
2.369201775359176115e-02
2.387425873766646500e-02
2.405891565010779762e-02
2.424602530085227109e-02
2.443562442672941176e-02
2.462774967969278209e-02
2.482243761493259371e-02
2.501972467887388779e-02
2.521964719706444938e-02
2.542224136195676484e-02
2.562754322058838699e-02
2.583558866216527361e-02
2.604641340555271731e-02
2.626005298667857119e-02
2.647654274585361373e-02
2.669591781501383723e-02
2.691821310488962463e-02
2.714346329210670997e-02
2.737170280622383892e-02
2.760296581671206964e-02
2.783728621988057483e-02
2.807469762575376740e-02
2.831523334490447172e-02
2.855892637524778260e-02
2.880580938880005284e-02
2.905591471840736004e-02
2.930927434444752580e-02
2.956591988150959402e-02
2.982588256505435548e-02
3.008919323805924612e-02
3.035588233765055405e-02
3.062597988172556518e-02
3.089951545556675686e-02
3.117651819844979855e-02
3.145701679024649061e-02
3.174103943802331074e-02
3.202861386263559929e-02
3.231976728531671395e-02
3.261452641426083876e-02
3.291291743119733465e-02
3.321496597795369626e-02
3.352069714300329878e-02
3.383013544799311906e-02
3.414330483424574125e-02
3.446022864922867329e-02
3.478092963298300838e-02
3.510542990450218198e-02
3.543375094805020081e-02
3.576591359940747145e-02
3.610193803203073232e-02
3.644184374311213587e-02
3.678564953952079275e-02
3.713337352360839699e-02
3.748503307885867747e-02
3.784064485535841571e-02
3.820022475506573006e-02
3.856378791684918206e-02
3.893134870126878366e-02
3.930292067506774983e-02
3.967851659534107900e-02
4.005814839334440741e-02
4.044182715790366894e-02
4.082956311838306651e-02
4.122136562716564867e-02
4.161724314159739868e-02
4.201720320534211434e-02
4.242125242909070698e-02
4.282939647056440563e-02
4.324164001374723038e-02
4.365798674727867229e-02
4.407843934193269447e-02
4.450299942710434636e-02
4.493166756621992664e-02
4.536444323098112047e-02
4.580132477434761817e-02
4.624230940215656033e-02
4.668739314327058354e-02
4.713657081813912159e-02
4.758983600565051125e-02
4.804718100814435455e-02
4.850859681444553984e-02
4.897407306077235928e-02
4.944359798936204947e-02
4.991715840464703430e-02
5.039473962680487973e-02
5.087632544249368061e-02
5.136189805257292129e-02
5.185143801659750085e-02
5.234492419385911727e-02
5.284233368073524423e-02
5.334364174409095272e-02
5.384882175046341174e-02
5.435784509074111787e-02
5.487068110003316679e-02
5.538729697240404870e-02
5.590765767013023552e-02
5.643172582711242224e-02
5.695946164605562162e-02
5.749082278900501108e-02
5.802576426079991689e-02
5.856423828498162620e-02
5.910619417166193545e-02
5.965157817683012370e-02
6.020033335254259405e-02
6.075239938740759071e-02
6.130771243674070642e-02
6.186620494173006302e-02
6.242780543691057310e-02
6.299243834520527885e-02
6.356002375974866003e-02
6.413047721166098558e-02
6.470370942289578597e-02
6.527962604323267470e-02
6.585812737043655885e-02
6.643910805255100194e-02
6.702245677123851164e-02
6.760805590502418083e-02
6.819578117124129590e-02
6.878550124541896182e-02
6.937707735679295162e-02
6.997036285856161886e-02
7.056520277145071629e-02
7.116143329909421777e-02
7.175888131368389489e-02
7.235736381028995412e-02
7.295668732820954905e-02
7.355664733766163754e-02
7.415702759011651157e-02
7.475759943053003620e-02
7.535812106974794367e-02
7.595833681535811566e-02
7.655797625930264860e-02
7.715675342062081055e-02
7.775436584178389843e-02
7.835049363721013904e-02
7.894479849271783534e-02
7.953692261489755944e-02
8.012648762966656513e-02
8.071309342962336431e-02
8.129631697025682668e-02
8.187571101559847075e-02
8.245080283455166748e-02
8.302109284990556726e-02
8.358605324296344841e-02
8.414512651780550745e-02
8.469772403048898834e-02
8.524322448998820911e-02
8.578097243942228722e-02
8.631027672813754159e-02
8.683040898753631442e-02
8.734060212620674279e-02
8.784004886294122239e-02
8.832790031966791799e-02
8.880326470018957974e-02
8.926520608495566722e-02
8.971274337690790524e-02
9.014484943874979950e-02
9.056045046779893914e-02
9.095842566087201930e-02
9.133760722839141810e-02
9.169678082402497876e-02
9.203468646358152483e-02
9.235002001444343744e-02
9.264143534433538774e-02
9.290754722545541133e-02
9.314693509661146897e-02
9.335814779161664967e-02
9.353970934631526679e-02
9.369012599866435864e-02
9.380789449561131865e-02
9.389151181632811316e-02
9.393948641284695367e-02
9.395035105539351061e-02
9.392267734980910832e-02
9.385509196749305949e-02
9.374629459346835170e-02
9.359507755483631453e-02
9.340034703966740293e-02
9.316114575529053921e-02
9.287667680551897620e-02
9.254632848975290205e-02
9.216969964505081214e-02
9.174662506793497541e-02
9.127720046955624389e-02
9.076180634042801953e-02
9.020113003454936773e-02
8.959618533322227796e-02
8.894832872229618825e-02
8.825927161878306670e-02
8.753108781885417244e-02
8.676621551285948475e-02
8.596745332593540290e-02
8.513794999420461196e-02
8.428118747283841472e-02
8.340095748658887809e-02
8.250133176610183194e-02
8.158662645219533216e-02
8.066136138141524747e-02
7.973021517497659583e-02
7.879797722563612605e-02
7.786949780090980655e-02
7.694963754711209303e-02
7.604321768158112116e-02
7.515497209915905641e-02
7.428950249696167352e-02
7.345123744610000671e-02
7.264439612096444676e-02
7.187295714864164187e-02
7.114063277646320849e-02
7.045084828760578288e-02
6.980672633442612518e-02
6.921107561569780908e-02
6.866638310294620462e-02
6.817480882525336905e-02
6.773818205075658738e-02
6.735799755353469309e-02
6.703541052177933168e-02
6.677122854140288277e-02
6.656589897339532103e-02
6.641948993042884331e-02
6.633166295012926650e-02
6.630163536860410323e-02
6.632813034016567244e-02
6.640931246865093562e-02
6.654270718167552834e-02
6.672510240243131885e-02
6.695243192405699040e-02
6.721964141961861428e-02
6.752054058104550727e-02
6.784764895081080160e-02
6.819204919006191523e-02
6.854327048405689515e-02
6.888923709695309039e-02
6.921633288782803872e-02
6.950965092659178168e-02
6.975351509197653954e-02
6.993237102345369050e-02
7.003213544569615590e-02
7.004204902286205459e-02
6.995697997870939377e-02
6.977996255272297943e-02
6.952453860414183062e-02
6.921625773695933015e-02
6.889258581258857206e-02
6.860059937543037945e-02
6.839227805174818986e-02
6.831788119538309556e-02
6.841857057151519428e-02
6.871980234217427153e-02
6.922685672604855789e-02
6.992326091829145773e-02
7.077208329514386720e-02
7.171947593165611812e-02
7.269961166230594352e-02
7.364027902614322940e-02
7.446869362662893177e-02
7.511735750931454458e-02
7.552990371048420859e-02
7.566674490303276768e-02
7.551004296402094584e-02
7.506716498755547362e-02
7.437159884038041513e-02
7.348047777193712771e-02
7.246849540710904869e-02
7.141892927329028529e-02
7.041335684715233079e-02
6.952203024777180163e-02
6.879658570632528336e-02
6.826596578922150549e-02
6.793552967621770133e-02
6.778871070251635267e-02
6.779043788654501301e-02
6.789182382576562647e-02
6.803613570285944878e-02
6.816652387420776837e-02
6.823601729834841145e-02
6.821947898635040419e-02
6.812529065386441207e-02
6.800200806165915268e-02
6.793393977230317848e-02
6.802209490993613161e-02
6.835379202624176920e-02
6.897155995951743945e-02
6.985371625038423737e-02
7.091326698190041078e-02
7.201337590254129617e-02
7.299289377966715342e-02
7.369582093380686039e-02
7.400081450275795836e-02
7.384724991810286132e-02
7.325223816540664401e-02
7.231128274915825382e-02
7.117805611679332844e-02
7.002702892628359654e-02
6.901146536809689425e-02
6.823151084409107003e-02
6.772099357593389102e-02
6.745266695784797595e-02
6.735656842277321088e-02
6.734651806469323099e-02
6.735183477867330570e-02
6.734985379046580511e-02
6.738760948875981149e-02
6.757424402532627439e-02
6.803338219777617379e-02
6.883180791282529631e-02
6.992454574564467562e-02
7.114808108487982730e-02
7.226140621005165687e-02
7.301349562179146324e-02
7.321648995193073828e-02
7.280765903856699361e-02
7.187817620413247677e-02
7.064679788278765971e-02
6.938064006673182182e-02
6.830125689147251156e-02
6.752427202274097207e-02
6.705386738359304932e-02
6.682128462871432528e-02
6.674576717497616996e-02
6.679759388771132345e-02
6.703489194712361487e-02
6.757676995349003179e-02
6.850550580179823323e-02
6.976010652591523031e-02
7.110658480286495553e-02
7.220592654703028579e-02
7.273669347706232524e-02
7.252227754902212942e-02
7.161505980675751670e-02
7.028253038349223381e-02
6.888222873921281963e-02
6.770329526608910575e-02
6.688126514505919606e-02
6.641946015488085775e-02
6.627510438912151414e-02
6.644916517313742554e-02
6.701590498231620174e-02
6.804293469372051095e-02
6.944721668184279662e-02
7.092864838717907738e-02
7.205558464103130334e-02
7.244339599879634495e-02
7.193607201913895799e-02
7.069981429466877521e-02
6.914047447140031499e-02
6.768351607233095979e-02
6.660061093256382236e-02
6.599950124475428836e-02
6.592097470856508878e-02
6.641830766135811692e-02
6.751983206939729532e-02
6.908561793808432050e-02
7.072692913610753584e-02
7.191490868054650765e-02
7.220737333139222447e-02
7.147025997070356740e-02
6.996910069485000327e-02
6.822000244210017772e-02
6.671315091445768897e-02
6.577035272353440321e-02
6.558280943924790773e-02
6.625293940777063351e-02
6.770611109235891156e-02
6.956653456130672264e-02
7.121900894911702140e-02
7.205495559593194654e-02
7.173279886627786928e-02
7.035483395370314974e-02
6.843156919892517953e-02
6.661358801618944003e-02
6.545790970629057626e-02
6.535837144685070765e-02
6.644283433778701287e-02
6.837968997220458811e-02
7.041821781257323609e-02
7.175761915203661412e-02
7.187696759132336521e-02
7.070231536247764681e-02
6.866242843177156052e-02
6.653430007013076686e-02
6.516530501849716883e-02
6.521496082952808748e-02
6.677807508816521742e-02
6.911656104282476454e-02
7.110642835186097022e-02
7.193203180209814529e-02
7.128128336260161624e-02
6.934862185833524928e-02
6.688925575701502868e-02
6.506173540409043721e-02
6.494938976933767316e-02
6.676548677255957076e-02
6.940161229888447414e-02
7.137359793655405349e-02
7.188049852661788919e-02
7.074302341397954719e-02
6.829586113764513078e-02
6.566614978947903081e-02
6.451785540443462363e-02
6.585614639259330938e-02
6.873629859906149608e-02
7.112765897163693396e-02
7.191081700846560509e-02
7.087009216704209802e-02
6.823620694738923020e-02
6.532404800060653827e-02
6.436033414628287985e-02
6.640464042209005824e-02
6.965050853117026042e-02
7.166802060776131245e-02
7.171680443217330614e-02
6.974386222616250908e-02
6.640334564068942069e-02
6.416595069812347507e-02
6.543254121830326120e-02
6.899264445558901671e-02
7.152734032779671514e-02
7.186427483236797198e-02
6.994645531722307186e-02
6.629489603119630148e-02
6.393985408999475206e-02
6.579355132979503029e-02
6.973482721071004586e-02
7.190139331288926405e-02
7.159670799557875387e-02
6.873657166403795982e-02
6.475675145911743980e-02
6.416428643005145371e-02
6.803587150445750131e-02
7.145619329897691385e-02
7.206872118740487165e-02
6.991151503139511614e-02
6.549201456124051357e-02
6.370553505832991792e-02
6.749210928282024791e-02
7.142919055437001175e-02
7.219611248483938371e-02
6.990113216985077704e-02
6.507526176869347923e-02
6.380429651740897323e-02
6.849115082033202517e-02
7.201994131942504596e-02
7.202896015352804049e-02
6.845000266697660873e-02
6.363272072269628155e-02
6.540551592331114716e-02
7.083189828879019045e-02
7.255080059296992179e-02
7.060170468299199753e-02
6.499400715529651817e-02
6.381937714420808649e-02
6.968159213057152634e-02
7.265217096520236451e-02
7.149196444836257436e-02
6.580211942272132242e-02
6.337079594754074785e-02
6.949826878712185574e-02
7.283293604625563911e-02
7.157148928670642452e-02
6.530993983682191473e-02
6.371176718769686054e-02
7.061881948508491602e-02
7.311490635695104545e-02
7.061681639551209422e-02
6.358382733866169145e-02
6.577273680102968534e-02
7.247924585310112910e-02
7.301143906664558925e-02
6.749254176131504190e-02
6.278190814813779108e-02
7.027157893302118929e-02
7.358642440928407635e-02
7.073972856786281405e-02
6.285338849266471073e-02
6.772848592923755295e-02
7.365206843908393697e-02
7.237998592607357284e-02
6.384528395165080250e-02
6.621813204965615318e-02
7.371178855741063185e-02
7.303586576308200573e-02
6.415232493272234049e-02
6.617919191672627655e-02
7.407308672196905031e-02
7.301474474305012785e-02
6.327600043344802638e-02
6.788299418170908039e-02
7.464215709562918577e-02
7.184882863180633294e-02
6.200318606098446927e-02
7.139719418228110404e-02
7.502626113518891249e-02
6.814086153312066962e-02
6.368977351964201505e-02
7.480230171900818792e-02
7.418173912041467477e-02
6.244135832783009876e-02
7.102698314912671285e-02
7.578411264512015244e-02
6.769703956682580903e-02
6.528306137957665123e-02
7.611203536925144342e-02
7.268663126825429532e-02
6.195672159947232527e-02
7.577258483565599279e-02
7.532476826747079579e-02
6.146384957242290864e-02
7.495792672195242257e-02
7.647574377075576357e-02
6.182795759997446183e-02
7.464306626609294726e-02
7.701275790710253311e-02
6.159067191604732094e-02
7.550099643176891306e-02
7.715449835008020285e-02
6.065274621886958956e-02
7.728348368823420578e-02
7.633963167540809558e-02
6.115244386934674814e-02
7.869689768440965572e-02
7.254070971142187463e-02
6.751052320083661407e-02
7.922586942825446399e-02
6.360664020557427190e-02
7.768434708235176511e-02
7.886099927709609714e-02
6.096272760846081773e-02
8.002003742939192699e-02
6.716640111206703678e-02
7.832930415533448376e-02
8.031156681776666084e-02
6.191551802829292628e-02
8.014501515431152190e-02
6.007900058273971111e-02
8.273092319078839685e-02
7.539218751155779552e-02
7.975727900925538849e-02
8.294053777804240302e-02
6.544270756637096675e-02
7.955452058477774369e-02
5.161757219050536194e-02
7.447293738718471778e-02
4.658727427740190496e-02
7.371140859712661808e-02
4.907690346076695048e-02
7.729095920208450821e-02
5.496419373853252133e-02
8.321226164061407138e-02
6.111815589574369489e-02
8.898749327737770498e-02
6.512426116344716132e-02
9.116763053061691102e-02
6.465984112874562095e-02
8.598568465928006777e-02
5.881877453981063791e-02
7.218371907203667559e-02
5.222960077777062671e-02
5.574535935461578939e-02
5.882459057651176493e-02
5.132999276250183734e-02
8.487238281359782421e-02
5.623749086540544978e-02
8.015786253311606158e-02
5.254530754087533007e-02
5.135800378082736733e-02
8.490753707755085977e-02
5.203074565778929156e-02
6.866742004977381686e-02
6.343733032475028233e-02
5.102644044091239617e-02
8.283870392464215415e-02
6.014793791477589247e-02
5.102095291496692303e-02
7.746579909514809958e-02
7.853776550747151863e-02
4.509000179713949785e-02
4.224263114566097210e-02
1.071893805450697540e-01
4.460544979401719068e-02
3.418366335437830056e-02
2.437367609516592412e-02
8.690749778625207755e-02
1.056719034031546878e-01
-4.690906510947390196e-03
-1.824577082504872522e-02
-5.586195602275887545e-03
-3.836916512287492920e-02
-2.609253527058393723e-02
5.671606304778966517e-02
1.513251481928163944e-01
2.115723421911170632e-01
2.367336424579552789e-01
3.412252182973413706e-01
6.362538789422950147e-01
7.093445380743732542e-01
7.314147927024298168e-01
3.024171764201133983e-01
-7.823566254715363932e-02
-4.803533173574155990e-01
9.883566324948461768e-01
-1.070864147307902803e-01
-2.530510537517424385e+00
-2.481708632110201318e+00
-2.554447997106961132e+00
-2.866754033491028419e+00
-2.690870701171144130e+00
-2.709773144886887142e+00
-2.730469474273022445e+00
-2.720477601945850754e+00
-2.681226971652576729e+00
-2.675932293938347861e+00
-2.669788980071848616e+00
-2.668503789323038333e+00
-2.667725182613776003e+00
-2.667512779871711093e+00
-2.667411824221793015e+00
-2.667379893641048216e+00
-2.667367032791581938e+00
-2.667363058778907448e+00
-2.667362129321093622e+00
-2.667362258628532157e+00
-2.667362730658812797e+00
-2.667363234332746025e+00
-2.667363666437798209e+00
-2.667364035514251608e+00
-2.667364307803540946e+00
-2.667364536040362388e+00
-2.667364695595195290e+00
-2.667364831526909175e+00
-2.667364924009629323e+00
-2.667365004820805741e+00
-2.667365058834536562e+00
-2.667365107355707199e+00
-2.667365139313510269e+00
-2.667365168839410217e+00
-2.667365188004043208e+00
-2.667365206216380624e+00
-2.667365217847418091e+00
-2.667365229220943323e+00
-2.667365236347439161e+00
-2.667365243525547935e+00
-2.667365247921042570e+00
-2.667365252490066396e+00
-2.667365255210217168e+00
-2.667365258137122552e+00
-2.667365259819944878e+00
-2.667365261702838719e+00
-2.667365262739176845e+00
-2.667365263952925947e+00
-2.667365264584967477e+00
-2.667365265367252825e+00
-2.667365265746460157e+00
-2.667365266249468458e+00
-2.667365266471210195e+00
-2.667365266793168654e+00
-2.667365266917743671e+00
-2.667365267122440375e+00
-2.667365267188018141e+00
-2.667365267317047817e+00
-2.667365267347733049e+00
-2.667365267428273068e+00
-2.667365267439185228e+00
-2.667365267488985836e+00
-2.667365267489490765e+00
-2.667365267520109384e+00
-2.667365267515889204e+00
-2.667365267534802076e+00
-2.667365267529188788e+00
-2.667365267541182750e+00
-2.667365267536020657e+00
-2.667365267544110186e+00
-2.667365267540316776e+00
-2.667365267546355945e+00
-2.667365267544282492e+00
-2.667365267549369978e+00
-2.667365267549036023e+00
-2.667365267553785557e+00
-2.667365267555027675e+00
-2.667365267559747899e+00
-2.667365267562314290e+00
-2.667365267567126885e+00
-2.667365267570735110e+00
-2.667365267575653842e+00
-2.667365267580025456e+00
-2.667365267585004585e+00
-2.667365267589885125e+00
-2.667365267594852707e+00
-2.667365267600019685e+00
-2.667365267604897117e+00
-2.667365267610164459e+00
-2.667365267614878022e+00
-2.667365267620096070e+00
-2.667365267624582259e+00
-2.667365267629634218e+00
-2.667365267633842851e+00
-2.667365267638642123e+00
-2.667365267642538118e+00
-2.667365267647024307e+00
-2.667365267650584570e+00
-2.667365267654719041e+00
-2.667365267657933803e+00
-2.667365267661695682e+00
-2.667365267664564499e+00
-2.667365267667947126e+00
-2.667365267670477547e+00
-2.667365267673486251e+00
-2.667365267675693374e+00
-2.667365267678341478e+00
-2.667365267680244401e+00
-2.667365267682551444e+00
-2.667365267684173258e+00
-2.667365267686163666e+00
-2.667365267687528796e+00
-2.667365267689228769e+00
-2.667365267690363417e+00
-2.667365267691800934e+00
-2.667365267692730857e+00
-2.667365267693933895e+00
-2.667365267694684405e+00
-2.667365267695680942e+00
-2.667365267696276909e+00
-2.667365267697093589e+00
-2.667365267697557663e+00
-2.667365267698218911e+00
-2.667365267698572406e+00
-2.667365267699101761e+00
-2.667365267699363773e+00
-2.667365267699782105e+00
-2.667365267699970399e+00
-2.667365267700296805e+00
-2.667365267700426035e+00
-2.667365267700677389e+00
-2.667365267700761322e+00
-2.667365267700952725e+00
-2.667365267701002907e+00
-2.667365267701146792e+00
-2.667365267701172549e+00
-2.667365267701279574e+00
-2.667365267701289344e+00
-2.667365267701368836e+00
-2.667365267701368836e+00
-2.667365267701428788e+00
-2.667365267701424347e+00
-2.667365267701470533e+00
-2.667365267701465648e+00
-2.667365267701502951e+00
-2.667365267701500731e+00
-2.667365267701533149e+00
-2.667365267701535814e+00
-2.667365267701566012e+00
-2.667365267701574449e+00
-2.667365267701604203e+00
-2.667365267701619302e+00
-2.667365267701650389e+00
-2.667365267701672149e+00
-2.667365267701705456e+00
-2.667365267701733877e+00
-2.667365267701769405e+00
-2.667365267701804044e+00
-2.667365267701842235e+00
-2.667365267701882203e+00
-2.667365267701922615e+00
-2.667365267701967024e+00
-2.667365267702009213e+00
-2.667365267702057174e+00
-2.667365267702100695e+00
-2.667365267702151321e+00
-2.667365267702195286e+00
-2.667365267702247245e+00
-2.667365267702291209e+00
-2.667365267702344056e+00
-2.667365267702387577e+00
-2.667365267702439979e+00
-2.667365267702482168e+00
-2.667365267702533682e+00
-2.667365267702574538e+00
-2.667365267702624720e+00
-2.667365267702663356e+00
-2.667365267702711318e+00
-2.667365267702747733e+00
-2.667365267702793030e+00
-2.667365267702826781e+00
-2.667365267702868969e+00
-2.667365267702899612e+00
-2.667365267702938691e+00
-2.667365267702966225e+00
-2.667365267703001752e+00
-2.667365267703026177e+00
-2.667365267703058151e+00
-2.667365267703079912e+00
-2.667365267703108334e+00
-2.667365267703126985e+00
-2.667365267703152298e+00
-2.667365267703168286e+00
-2.667365267703190490e+00
-2.667365267703203813e+00
-2.667365267703222909e+00
-2.667365267703234011e+00
-2.667365267703249998e+00
-2.667365267703258880e+00
-2.667365267703272647e+00
-2.667365267703279308e+00
-2.667365267703290854e+00
-2.667365267703296183e+00
-2.667365267703305509e+00
-2.667365267703309062e+00
-2.667365267703316611e+00
-2.667365267703319276e+00
-2.667365267703325493e+00
-2.667365267703327270e+00
-2.667365267703332155e+00
-2.667365267703333043e+00
-2.667365267703336595e+00
-2.667365267703337040e+00
-2.667365267703340148e+00
-2.667365267703340148e+00
-2.667365267703342369e+00
-2.667365267703342369e+00
-2.667365267703344145e+00
-2.667365267703344145e+00
-2.667365267703345921e+00
-2.667365267703345921e+00
-2.667365267703347254e+00
-2.667365267703347254e+00
-2.667365267703348586e+00
-2.667365267703349030e+00
-2.667365267703350362e+00
-2.667365267703351250e+00
-2.667365267703352583e+00
-2.667365267703353471e+00
-2.667365267703355247e+00
-2.667365267703356579e+00
-2.667365267703358356e+00
-2.667365267703360132e+00
-2.667365267703361909e+00
-2.667365267703364129e+00
-2.667365267703366349e+00
-2.667365267703368570e+00
-2.667365267703370790e+00
-2.667365267703373455e+00
-2.667365267703375675e+00
-2.667365267703378340e+00
-2.667365267703380560e+00
-2.667365267703383669e+00
-2.667365267703386333e+00
-2.667365267703389442e+00
-2.667365267703392107e+00
-2.667365267703395215e+00
-2.667365267703397880e+00
-2.667365267703400988e+00
-2.667365267703403653e+00
-2.667365267703406762e+00
-2.667365267703408982e+00
-2.667365267703412091e+00
-2.667365267703414311e+00
-2.667365267703417420e+00
-2.667365267703419640e+00
-2.667365267703422305e+00
-2.667365267703424525e+00
-2.667365267703427190e+00
-2.667365267703428966e+00
-2.667365267703431631e+00
-2.667365267703433407e+00
-2.667365267703435627e+00
-2.667365267703437404e+00
-2.667365267703439624e+00
-2.667365267703440956e+00
-2.667365267703442733e+00
-2.667365267703444065e+00
-2.667365267703445841e+00
-2.667365267703446730e+00
-2.667365267703448062e+00
-2.667365267703448950e+00
-2.667365267703450282e+00
-2.667365267703451170e+00
-2.667365267703452503e+00
-2.667365267703452947e+00
-2.667365267703453835e+00
-2.667365267703454279e+00
-2.667365267703455167e+00
-2.667365267703455611e+00
-2.667365267703456500e+00
-2.667365267703456944e+00
-2.667365267703457388e+00
-2.667365267703457388e+00
-2.667365267703457832e+00
-2.667365267703457832e+00
-2.667365267703458276e+00
-2.667365267703458276e+00
-2.667365267703458720e+00
-2.667365267703458720e+00
-2.667365267703459164e+00
-2.667365267703459164e+00
-2.667365267703459164e+00
-2.667365267703459164e+00
-2.667365267703459164e+00
-2.667365267703459164e+00
-2.667365267703459164e+00
-2.667365267703459164e+00
-2.667365267703459164e+00
-2.667365267703459164e+00
-2.667365267703459164e+00
-2.667365267703459164e+00
-2.667365267703459164e+00
-2.667365267703459164e+00
-2.667365267703459164e+00
-2.667365267703459164e+00
-2.667365267703459164e+00
-2.667365267703459164e+00
-2.667365267703459164e+00
-2.667365267703459164e+00
-2.667365267703459608e+00
-2.667365267703460052e+00
-2.667365267703460496e+00
-2.667365267703460940e+00
-2.667365267703461384e+00
-2.667365267703461829e+00
-2.667365267703462273e+00
-2.667365267703462717e+00
-2.667365267703463161e+00
-2.667365267703463605e+00
-2.667365267703464049e+00
-2.667365267703464493e+00
-2.667365267703464937e+00
-2.667365267703465381e+00
-2.667365267703465825e+00
-2.667365267703466269e+00
-2.667365267703466714e+00
-2.667365267703467158e+00
-2.667365267703467602e+00
-2.667365267703468046e+00
-2.667365267703468490e+00
-2.667365267703468934e+00
-2.667365267703469378e+00
-2.667365267703469822e+00
-2.667365267703470266e+00
-2.667365267703470710e+00
-2.667365267703471154e+00
-2.667365267703471599e+00
-2.667365267703471599e+00
-2.667365267703472043e+00
-2.667365267703472043e+00
-2.667365267703472487e+00
-2.667365267703472487e+00
-2.667365267703472931e+00
-2.667365267703472931e+00
-2.667365267703472931e+00
-2.667365267703472931e+00
-2.667365267703472931e+00
-2.667365267703472931e+00
-2.667365267703472931e+00
-2.667365267703472931e+00
-2.667365267703472931e+00
-2.667365267703472931e+00
-2.667365267703472931e+00
-2.667365267703472931e+00
-2.667365267703472931e+00
-2.667365267703472931e+00
-2.667365267703472931e+00
-2.667365267703472931e+00
-2.667365267703472931e+00
-2.667365267703472931e+00
-2.667365267703472931e+00
-2.667365267703472931e+00
-2.667365267703472931e+00
-2.667365267703472931e+00
-2.667365267703472931e+00
-2.667365267703472931e+00
-2.667365267703472931e+00
-2.667365267703472931e+00
-2.667365267703472931e+00
-2.667365267703472931e+00
-2.667365267703472931e+00
-2.667365267703472931e+00
-2.667365267703472931e+00
-2.667365267703472931e+00
-2.667365267703472931e+00
-2.667365267703472931e+00
-2.667365267703472931e+00
-2.667365267703472931e+00
-2.667365267703472931e+00
-2.667365267703472931e+00
-2.667365267703472931e+00
-2.667365267703472931e+00
-2.667365267703472931e+00
-2.667365267703472931e+00
-2.667365267703472931e+00
-2.667365267703472931e+00
-2.667365267703472931e+00
-2.667365267703472931e+00
-2.667365267703472931e+00
-2.667365267703472931e+00
-2.667365267703472931e+00
-2.667365267703472931e+00
-2.667365267703472931e+00
-2.667365267703472931e+00
-2.667365267703472931e+00
-2.667365267703472931e+00
-2.667365267703472931e+00
-2.667365267703472931e+00
-2.667365267703472931e+00
-2.667365267703472931e+00
-2.667365267703472931e+00
-2.667365267703472931e+00
-2.667365267703472931e+00
-2.667365267703472931e+00
-2.667365267703472931e+00
-2.667365267703472931e+00
-2.667365267703472931e+00
-2.667365267703472931e+00
-2.667365267703472931e+00
-2.667365267703472931e+00
-2.667365267703472931e+00
-2.667365267703472931e+00
-2.667365267703472931e+00
-2.667365267703472931e+00
-2.667365267703472931e+00
-2.667365267703472931e+00
-2.667365267703472931e+00
-2.667365267703472931e+00
-2.667365267703472931e+00
-2.667365267703472931e+00
-2.667365267703472931e+00
-2.667365267703472931e+00
-2.667365267703472931e+00
-2.667365267703472931e+00
-2.667365267703472931e+00
-2.667365267703472931e+00
-2.667365267703472931e+00
-2.667365267703472931e+00
-2.667365267703472931e+00
-2.667365267703472931e+00
-2.667365267703472931e+00
-2.667365267703472931e+00
-2.667365267703472931e+00
-2.667365267703472931e+00
-2.667365267703472931e+00
-2.667365267703472931e+00
-2.667365267703472931e+00
-2.667365267703472931e+00
-2.667365267703472931e+00
-2.667365267703472931e+00
-2.667365267703472931e+00
-2.667365267703472931e+00
-2.667365267703472931e+00
-2.667365267703472931e+00
-2.667365267703472931e+00
-2.667365267703472931e+00
-2.667365267703472931e+00
-2.667365267703472931e+00
-2.667365267703472931e+00
-2.667365267703472931e+00
-2.667365267703472931e+00
-2.667365267703472931e+00
-2.667365267703472931e+00
-2.667365267703472931e+00
-2.667365267703472931e+00
-2.667365267703472931e+00
-2.667365267703472931e+00
-2.667365267703472931e+00
-2.667365267703472931e+00
-2.667365267703472931e+00
-2.667365267703472931e+00
-2.667365267703472931e+00
-2.667365267703472931e+00
-2.667365267703472931e+00
-2.667365267703472931e+00
-2.667365267703472931e+00
-2.667365267703472931e+00
-2.667365267703472931e+00
-2.667365267703472931e+00
-2.667365267703472931e+00
-2.667365267703472931e+00
-2.667365267703472931e+00
-2.667365267703472931e+00
-2.667365267703472931e+00
-2.667365267703472931e+00
-2.667365267703472931e+00
-2.667365267703472931e+00
-2.667365267703472931e+00
-2.667365267703472931e+00
-2.667365267703472931e+00
-2.667365267703472931e+00
-2.667365267703472931e+00
-2.667365267703472931e+00
-2.667365267703472931e+00
-2.667365267703472931e+00
-2.667365267703472931e+00
-2.667365267703472931e+00
-2.667365267703472931e+00
-2.667365267703472931e+00
-2.667365267703472931e+00
-2.667365267703472931e+00
-2.667365267703472931e+00
-2.667365267703472931e+00
-2.667365267703472931e+00
-2.667365267703472931e+00
-2.667365267703472931e+00
-2.667365267703472931e+00
-2.667365267703472931e+00
-2.667365267703472931e+00
-2.667365267703472931e+00
-2.667365267703472931e+00
-2.667365267703472931e+00
-2.667365267703472931e+00
-2.667365267703472931e+00
-2.667365267703472931e+00
-2.667365267703472931e+00
-2.667365267703472931e+00
-2.667365267703472931e+00
-2.667365267703472931e+00
-2.667365267703472931e+00
-2.667365267703472931e+00
-2.667365267703472931e+00
-2.667365267703472931e+00
-2.667365267703472931e+00
-2.667365267703472931e+00
-2.667365267703472931e+00
-2.667365267703472931e+00
-2.667365267703472931e+00
-2.667365267703472931e+00
-2.667365267703472931e+00
-2.667365267703472931e+00
-2.667365267703472931e+00
-2.667365267703472931e+00
-2.667365267703472931e+00
-2.667365267703472931e+00
-2.667365267703472931e+00
-2.667365267703472931e+00
-2.667365267703472931e+00
-2.667365267703472931e+00
-2.667365267703472931e+00
-2.667365267703472931e+00
-2.667365267703472931e+00
-2.667365267703472931e+00
-2.667365267703472931e+00
-2.667365267703472931e+00
-2.667365267703472931e+00
-2.667365267703472931e+00
-2.667365267703472931e+00
-2.667365267703472931e+00
-2.667365267703472931e+00
-2.667365267703472931e+00
-2.667365267703472931e+00
-2.667365267703472931e+00
-2.667365267703472931e+00
-2.667365267703472931e+00
-2.667365267703472931e+00
-2.667365267703472931e+00
-2.667365267703472931e+00
-2.667365267703472931e+00
-2.667365267703472931e+00
-2.667365267703472931e+00
-2.667365267703472931e+00
-2.667365267703472931e+00
-2.667365267703472931e+00
-2.667365267703472931e+00
-2.667365267703472931e+00
-2.667365267703472931e+00
-2.667365267703472931e+00
-2.667365267703472931e+00
-2.667365267703472931e+00
-2.667365267703472931e+00
-2.667365267703472931e+00
-2.667365267703472931e+00
-2.667365267703472931e+00
-2.667365267703472931e+00
-2.667365267703472931e+00
-2.667365267703472931e+00
-2.667365267703472931e+00
-2.667365267703472931e+00
-2.667365267703472931e+00
-2.667365267703472931e+00
-2.667365267703472931e+00
-2.667365267703472931e+00
-2.667365267703472931e+00
-2.667365267703472931e+00
-2.667365267703472931e+00
-2.667365267703472931e+00
-2.667365267703472931e+00
-2.667365267703472931e+00
-2.667365267703472931e+00
-2.667365267703472931e+00
-2.667365267703472931e+00
-2.667365267703472931e+00
-2.667365267703472931e+00
-2.667365267703472931e+00
-2.667365267703472931e+00
-2.667365267703472931e+00
-2.667365267703472931e+00
-2.667365267703472931e+00
-2.667365267703472931e+00
-2.667365267703472931e+00
-2.667365267703472931e+00
-2.667365267703472931e+00
-2.667365267703472931e+00
-2.667365267703472931e+00
-2.667365267703472931e+00
-2.667365267703472931e+00
-2.667365267703472931e+00
-2.667365267703472931e+00
-2.667365267703472931e+00
-2.667365267703472931e+00
-2.667365267703472931e+00
-2.667365267703472931e+00
-2.667365267703472931e+00
-2.667365267703472931e+00
-2.667365267703472931e+00
-2.667365267703472931e+00
-2.667365267703472931e+00
-2.667365267703472931e+00
-2.667365267703472931e+00
-2.667365267703472931e+00
-2.667365267703472931e+00
-2.667365267703472931e+00
-2.667365267703472931e+00
-2.667365267703472931e+00
-2.667365267703472931e+00
-2.667365267703472931e+00
-2.667365267703472931e+00
-2.667365267703472931e+00
-2.667365267703472931e+00
-2.667365267703472931e+00
-2.667365267703472931e+00
-2.667365267703472931e+00
-2.667365267703472931e+00
-2.667365267703472931e+00
-2.667365267703472931e+00
-2.667365267703472931e+00
-2.667365267703472931e+00
-2.667365267703472931e+00
-2.667365267703472931e+00
-2.667365267703472931e+00
-2.667365267703472931e+00
-2.667365267703472931e+00
-2.667365267703472931e+00
-2.667365267703472931e+00
-2.667365267703472931e+00
-2.667365267703472931e+00
-2.667365267703472931e+00
-2.667365267703472931e+00
-2.667365267703472931e+00
-2.667365267703472931e+00
-2.667365267703472931e+00
-2.667365267703472931e+00
-2.667365267703472931e+00
-2.667365267703472931e+00
-2.667365267703472931e+00
-2.667365267703472931e+00
-2.667365267703472931e+00
-2.667365267703472931e+00
-2.667365267703472931e+00
-2.667365267703472931e+00
-2.667365267703472931e+00
-2.667365267703472931e+00
-2.667365267703472931e+00
-2.667365267703472931e+00
-2.667365267703472931e+00
-2.667365267703472931e+00
-2.667365267703472931e+00
-2.667365267703472931e+00
-2.667365267703472931e+00
-2.667365267703472931e+00
-2.667365267703472931e+00
-2.667365267703472931e+00
-2.667365267703472931e+00
-2.667365267703472931e+00
-2.667365267703472931e+00
-2.667365267703472931e+00
-2.667365267703472931e+00
-2.667365267703472931e+00
-2.667365267703472931e+00
-2.667365267703472931e+00
-2.667365267703472931e+00
-2.667365267703472931e+00
-2.667365267703472931e+00
-2.667365267703472931e+00
-2.667365267703472931e+00
-2.667365267703472931e+00
-2.667365267703472931e+00
-2.667365267703472931e+00
-2.667365267703472931e+00
-2.667365267703472931e+00
-2.667365267703472931e+00
-2.667365267703472931e+00
-2.667365267703472931e+00
-2.667365267703472931e+00
-2.667365267703472931e+00
-2.667365267703472931e+00
-2.667365267703472931e+00
-2.667365267703472931e+00
-2.667365267703472931e+00
-2.667365267703472931e+00
-2.667365267703472931e+00
-2.667365267703472931e+00
-2.667365267703472931e+00
-2.667365267703472931e+00
-2.667365267703472931e+00
-2.667365267703472931e+00
-2.667365267703472931e+00
-2.667365267703472931e+00
-2.667365267703472931e+00
-2.667365267703472931e+00
-2.667365267703472931e+00
-2.667365267703472931e+00
-2.667365267703472931e+00
-2.667365267703472931e+00
-2.667365267703472931e+00
-2.667365267703472931e+00
-2.667365267703472931e+00
-2.667365267703472931e+00
-2.667365267703472931e+00
-2.667365267703472931e+00
-2.667365267703472931e+00
-2.667365267703472931e+00
-2.667365267703472931e+00
-2.667365267703472931e+00
-2.667365267703472931e+00
-2.667365267703472931e+00
-2.667365267703472931e+00
-2.667365267703472931e+00
-2.667365267703472931e+00
-2.667365267703472931e+00
-2.667365267703472931e+00
-2.667365267703472931e+00
-2.667365267703472931e+00
-2.667365267703472931e+00
-2.667365267703472931e+00
-2.667365267703472931e+00
-2.667365267703472931e+00
-2.667365267703472931e+00
-2.667365267703472931e+00
-2.667365267703472931e+00
-2.667365267703472931e+00
-2.667365267703472931e+00
-2.667365267703472931e+00
-2.667365267703472931e+00
-2.667365267703472931e+00
-2.667365267703472931e+00
-2.667365267703472931e+00
-2.667365267703472931e+00
-2.667365267703472931e+00
-2.667365267703472931e+00
-2.667365267703472931e+00
-2.667365267703472931e+00
-2.667365267703472931e+00
-2.667365267703472931e+00
-2.667365267703472931e+00
-2.667365267703472931e+00
-2.667365267703472931e+00
-2.667365267703472931e+00
-2.667365267703472931e+00
-2.667365267703472931e+00
-2.667365267703472931e+00
-2.667365267703472931e+00
-2.667365267703472931e+00
-2.667365267703472931e+00
-2.667365267703472931e+00
-2.667365267703472931e+00
-2.667365267703472931e+00
-2.667365267703472931e+00
-2.667365267703472931e+00
-2.667365267703472931e+00
-2.667365267703472931e+00
-2.667365267703472931e+00
-2.667365267703472931e+00
-2.667365267703472931e+00
-2.667365267703472931e+00
-2.667365267703472931e+00
-2.667365267703472931e+00
-2.667365267703472931e+00
-2.667365267703472931e+00
-2.667365267703472931e+00
-2.667365267703472931e+00
-2.667365267703472931e+00
-2.667365267703472931e+00
-2.667365267703472931e+00
-2.667365267703472931e+00
-2.667365267703472931e+00
-2.667365267703472931e+00
-2.667365267703472931e+00
-2.667365267703472931e+00
-2.667365267703472931e+00
-2.667365267703472931e+00
-2.667365267703472931e+00
-2.667365267703472931e+00
-2.667365267703472931e+00
-2.667365267703472931e+00
-2.667365267703472931e+00
-2.667365267703472931e+00
-2.667365267703472931e+00
-2.667365267703472931e+00
-2.667365267703472931e+00
-2.667365267703472931e+00
-2.667365267703472931e+00
-2.667365267703472931e+00
-2.667365267703472931e+00
-2.667365267703472931e+00
-2.667365267703472931e+00
-2.667365267703472931e+00
-2.667365267703472931e+00
-2.667365267703472931e+00
-2.667365267703472931e+00
-2.667365267703472931e+00
-2.667365267703472931e+00
-2.667365267703472931e+00
-2.667365267703472931e+00
-2.667365267703472931e+00
-2.667365267703472931e+00
-2.667365267703472931e+00
-2.667365267703472931e+00
-2.667365267703472931e+00
-2.667365267703472931e+00
-2.667365267703472931e+00
-2.667365267703472931e+00
-2.667365267703472931e+00
-2.667365267703472931e+00
-2.667365267703472931e+00
-2.667365267703472931e+00
-2.667365267703472931e+00
-2.667365267703472931e+00
-2.667365267703472931e+00
-2.667365267703472931e+00
-2.667365267703472931e+00
-2.667365267703472931e+00
-2.667365267703472931e+00
-2.667365267703472931e+00
-2.667365267703472931e+00
-2.667365267703472931e+00
-2.667365267703472931e+00
-2.667365267703472931e+00
-2.667365267703472931e+00
-2.667365267703472931e+00
-2.667365267703472931e+00
-2.667365267703472931e+00
-2.667365267703472931e+00
-2.667365267703472931e+00
-2.667365267703472931e+00
-2.667365267703472931e+00
-2.667365267703472931e+00
-2.667365267703472931e+00
-2.667365267703472931e+00
-2.667365267703472931e+00
-2.667365267703472931e+00
-2.667365267703472931e+00
-2.667365267703472931e+00
-2.667365267703472931e+00
-2.667365267703472931e+00
-2.667365267703472931e+00
-2.667365267703472931e+00
-2.667365267703472931e+00
-2.667365267703472931e+00
-2.667365267703472931e+00
-2.667365267703472931e+00
-2.667365267703472931e+00
-2.667365267703472931e+00
-2.667365267703472931e+00
-2.667365267703472931e+00
-2.667365267703472931e+00
-2.667365267703472931e+00
-2.667365267703472931e+00
-2.667365267703472931e+00
-2.667365267703472931e+00
-2.667365267703472931e+00
-2.667365267703472931e+00
-2.667365267703472931e+00
-2.667365267703472931e+00
-2.667365267703472931e+00
-2.667365267703472931e+00
-2.667365267703472931e+00
-2.667365267703472931e+00
-2.667365267703472931e+00
-2.667365267703472931e+00
-2.667365267703472931e+00
-2.667365267703472931e+00
-2.667365267703472931e+00
-2.667365267703472931e+00
-2.667365267703472931e+00
-2.667365267703472931e+00
-2.667365267703472931e+00
-2.667365267703472931e+00
-2.667365267703472931e+00
-2.667365267703472931e+00
-2.667365267703472931e+00
-2.667365267703472931e+00
-2.667365267703472931e+00
-2.667365267703472931e+00
-2.667365267703472931e+00
-2.667365267703472931e+00
-2.667365267703472931e+00
-2.667365267703472931e+00
-2.667365267703472931e+00
-2.667365267703472931e+00
-2.667365267703472931e+00
-2.667365267703472931e+00
-2.667365267703472931e+00
-2.667365267703472931e+00
-2.667365267703472931e+00
-2.667365267703472931e+00
-2.667365267703472931e+00
-2.667365267703472931e+00
-2.667365267703472931e+00
-2.667365267703472931e+00
-2.667365267703472931e+00
-2.667365267703472931e+00
-2.667365267703472931e+00
-2.667365267703472931e+00
-2.667365267703472931e+00
-2.667365267703472931e+00
-2.667365267703472931e+00
-2.667365267703472931e+00
-2.667365267703472931e+00
-2.667365267703472931e+00
-2.667365267703472931e+00
-2.667365267703472931e+00
-2.667365267703472931e+00
-2.667365267703472931e+00
-2.667365267703472931e+00
-2.667365267703472931e+00
-2.667365267703472931e+00
-2.667365267703472931e+00
-2.667365267703472931e+00
-2.667365267703472931e+00
-2.667365267703472931e+00
-2.667365267703472931e+00
-2.667365267703472931e+00
-2.667365267703472931e+00
-2.667365267703472931e+00
-2.667365267703472931e+00
-2.667365267703472931e+00
-2.667365267703472931e+00
-2.667365267703472931e+00
-2.667365267703472931e+00
-2.667365267703472931e+00
-2.667365267703472931e+00
-2.667365267703472931e+00
-2.667365267703472931e+00
-2.667365267703472931e+00
-2.667365267703472931e+00
-2.667365267703472931e+00
-2.667365267703472931e+00
-2.667365267703472931e+00
-2.667365267703472931e+00
-2.667365267703472931e+00
-2.667365267703472931e+00
-2.667365267703472931e+00
