0.000000000000000000e+00
-1.957750150516059974e-03
-3.907025146253097041e-03
-5.847861686758780257e-03
-7.780296310027217353e-03
-9.704365385137650457e-03
-1.162010510505815178e-02
-1.352755147961373292e-02
-1.542674032861881053e-02
-1.731770727517446123e-02
-1.920048773913140064e-02
-2.107511693072013428e-02
-2.294162984435018163e-02
-2.480006125258073235e-02
-2.665044570026554871e-02
-2.849281749887528151e-02
-3.032721072100071427e-02
-3.215365919504078324e-02
-3.397219650007939074e-02
-3.578285596095526905e-02
-3.758567064352918291e-02
-3.938067335015276588e-02
-4.116789661534327183e-02
-4.294737270166824883e-02
-4.471913359584394482e-02
-4.648321100505077574e-02
-4.823963635346870810e-02
-4.998844077903482480e-02
-5.172965513042444841e-02
-5.346330996425643217e-02
-5.518943554252206396e-02
-5.690806183023601472e-02
-5.861921849330621603e-02
-6.032293489661839231e-02
-6.201924010232906515e-02
-6.370816286835935538e-02
-6.538973164707986840e-02
-6.706397458417508173e-02
-6.873091951767339169e-02
-7.039059397712678356e-02
-7.204302518292174384e-02
-7.368824004570051489e-02
-7.532626516586928000e-02
-7.695712683316713321e-02
-7.858085102626720386e-02
-8.019746341237825316e-02
-8.180698934681254753e-02
-8.340945387248288601e-02
-8.500488171928886894e-02
-8.659329730334987263e-02
-8.817472472603932188e-02
-8.974918777277245130e-02
-9.131670991149697103e-02
-9.287731429083395662e-02
-9.443102373781381287e-02
-9.597786075515038484e-02
-9.751784751799416617e-02
-9.905100587010434721e-02
-1.005773573193777665e-01
-1.020969230326721766e-01
-1.036097238298603618e-01
-1.051157801770514350e-01
-1.066151121789156997e-01
-1.081077395700499599e-01
-1.095936817053211054e-01
-1.110729575491272852e-01
-1.125455856635175916e-01
-1.140115841951139797e-01
-1.154709708607815494e-01
-1.169237629319971328e-01
-1.183699772178699178e-01
-1.198096300467721975e-01
-1.212427372465436637e-01
-1.226693141232379491e-01
-1.240893754383864539e-01
-1.255029353847608442e-01
-1.269100075606230948e-01
-1.283106049424593553e-01
-1.297047398562018450e-01
-1.310924239469519748e-01
-1.324736681472263866e-01
-1.338484826437569553e-01
-1.352168768428856915e-01
-1.365788593346050073e-01
-1.379344378553041262e-01
-1.392836192492925840e-01
-1.406264094291824196e-01
-1.419628133352206500e-01
-1.432928348936745311e-01
-1.446164769743822076e-01
-1.459337413475917944e-01
-1.472446286402217530e-01
-1.485491382916853398e-01
-1.498472685094314749e-01
-1.511390162243630431e-01
-1.524243770463026559e-01
-1.537033452196836791e-01
-1.549759135796517084e-01
-1.562420735087689250e-01
-1.575018148945192265e-01
-1.587551260878179715e-01
-1.600019938627343374e-01
-1.612424033776381493e-01
-1.624763381379856764e-01
-1.637037799609611655e-01
-1.649247089421913004e-01
-1.661391034247501064e-01
-1.673469399706705718e-01
-1.685481933351775929e-01
-1.697428364438531845e-01
-1.709308403729413173e-01
-1.721121743329947495e-01
-1.732868056560594727e-01
-1.744546997865862314e-01
-1.756158202762497234e-01
-1.767701287828476742e-01
-1.779175850734416031e-01
-1.790581470318906854e-01
-1.801917706709180445e-01
-1.813184101488367617e-01
-1.824380177910490397e-01
-1.835505441164184126e-01
-1.846559378686000452e-01
-1.857541460523984556e-01
-1.868451139752067003e-01
-1.879287852935639935e-01
-1.890051020648518265e-01
-1.900740048041316688e-01
-1.911354325461089854e-01
-1.921893229121907631e-01
-1.932356121825847817e-01
-1.942742353733711846e-01
-1.953051263184575059e-01
-1.963282177563102082e-01
-1.973434414213369459e-01
-1.983507281397751121e-01
-1.993500079299243277e-01
-2.003412101065420448e-01
-2.013242633892035616e-01
-2.022990960144110117e-01
-2.032656358512183736e-01
-2.042238105201234499e-01
-2.051735475149623067e-01
-2.061147743275263122e-01
-2.070474185746082330e-01
-2.079714081271703263e-01
-2.088866712413149362e-01
-2.097931366907274664e-01
-2.106907339002509483e-01
-2.115793930802425116e-01
-2.124590453613550145e-01
-2.133296229293800694e-01
-2.141910591597842861e-01
-2.150432887515667524e-01
-2.158862478600642176e-01
-2.167198742283294455e-01
-2.175441073167100059e-01
-2.183588884302569422e-01
-2.191641608435974942e-01
-2.199598699229118048e-01
-2.207459632446613917e-01
-2.215223907107259083e-01
-2.222891046596160158e-01
-2.230460599734423177e-01
-2.237932141803337938e-01
-2.245305275520149413e-01
-2.252579631962671192e-01
-2.259754871440175505e-01
-2.266830684308185073e-01
-2.273806791724996834e-01
-2.280682946347973583e-01
-2.287458932967867398e-01
-2.294134569079660790e-01
-2.300709705388651605e-01
-2.307184226250740822e-01
-2.313558050046131964e-01
-2.319831129485890875e-01
-2.326003451851064441e-01
-2.332075039164297203e-01
-2.338045948294133758e-01
-2.343916270992430217e-01
-2.349686133865535043e-01
-2.355355698280125754e-01
-2.360925160204813411e-01
-2.366394749988836310e-01
-2.371764732079368332e-01
-2.377035404679160857e-01
-2.382207099346417001e-01
-2.387280180538967622e-01
-2.392255045104970668e-01
-2.397132121722501119e-01
-2.401911870290524276e-01
-2.406594781273859174e-01
-2.411181375004837202e-01
-2.415672200944443127e-01
-2.420067836905798186e-01
-2.424368888242892928e-01
-2.428575987007521031e-01
-2.432689791077386199e-01
-2.436710983258368046e-01
-2.440640270363924336e-01
-2.444478382274596628e-01
-2.448226070980550062e-01
-2.451884109610043827e-01
-2.455453291446670905e-01
-2.458934428938146233e-01
-2.462328352699347800e-01
-2.465635910512237461e-01
-2.468857966325192499e-01
-2.471995399254190151e-01
-2.475049102588177674e-01
-2.478019982800858390e-01
-2.480908958571005074e-01
-2.483716959813301872e-01
-2.486444926721591286e-01
-2.489093808826283449e-01
-2.491664564067563314e-01
-2.494158157885902893e-01
-2.496575562331266596e-01
-2.498917755192273105e-01
-2.501185719146454267e-01
-2.503380440932631568e-01
-2.505502910546315021e-01
-2.507554120458910796e-01
-2.509535064861415088e-01
-2.511446738933162393e-01
-2.513290138136089480e-01
-2.515066257534879224e-01
-2.516776091143251848e-01
-2.518420631296577894e-01
-2.520000868050900622e-01
-2.521517788608376165e-01
-2.522972376769060943e-01
-2.524365612408900339e-01
-2.525698470983712141e-01
-2.526971923058893288e-01
-2.528186933864514097e-01
-2.529344462875426913e-01
-2.530445463415948448e-01
-2.531490882288652822e-01
-2.532481659426755738e-01
-2.533418727569544115e-01
-2.534303011960277185e-01
-2.535135430065953432e-01
-2.535916891318315547e-01
-2.536648296875453346e-01
-2.537330539403340190e-01
-2.537964502876635109e-01
-2.538551062398063385e-01
-2.539091084035696166e-01
-2.539585424677430758e-01
-2.540034931901988258e-01
-2.540440443865730757e-01
-2.540802789204616996e-01
-2.541122786950615331e-01
-2.541401246461897356e-01
-2.541638967366152135e-01
-2.541836739516363242e-01
-2.541995342958410231e-01
-2.542115547909864492e-01
-2.542198114749359972e-01
-2.542243794015945357e-01
-2.542253326417829307e-01
-2.542227442849949726e-01
-2.542166864419818650e-01
-2.542072302481103718e-01
-2.541944458674435525e-01
-2.541784024974935163e-01
-2.541591683745987873e-01
-2.541368107798792075e-01
-2.541113960457248022e-01
-2.540829895627749746e-01
-2.540516557873479520e-01
-2.540174582492806810e-01
-2.539804595601422021e-01
-2.539407214217847542e-01
-2.538983046351985795e-01
-2.538532691096381799e-01
-2.538056738719894345e-01
-2.537555770763482710e-01
-2.537030360137836338e-01
-2.536481071222584927e-01
-2.535908459966846329e-01
-2.535313073990877464e-01
-2.534695452688612849e-01
-2.534056127330886476e-01
-2.533395621169146072e-01
-2.532714449539478774e-01
-2.532013119966783354e-01
-2.531292132268932460e-01
-2.530551978660781076e-01
-2.529793143857886339e-01
-2.529016105179818230e-01
-2.528221332652940134e-01
-2.527409289112563240e-01
-2.526580430304373737e-01
-2.525735204985046223e-01
-2.524874055021965047e-01
-2.523997415491981422e-01
-2.523105714779144693e-01
-2.522199374671345029e-01
-2.521278810455824249e-01
-2.520344431013502584e-01
-2.519396638912092534e-01
-2.518435830497959271e-01
-2.517462395986702073e-01
-2.516476719552439567e-01
-2.515479179415775479e-01
-2.514470147930435995e-01
-2.513449991668568195e-01
-2.512419071504696233e-01
-2.511377742698334692e-01
-2.510326354975260799e-01
-2.509265252607456032e-01
-2.508194774491721013e-01
-2.507115254226980339e-01
-2.506027020190292887e-01
-2.504930395611582594e-01
-2.503825698647114684e-01
-2.502713242451737874e-01
-2.501593335249917005e-01
-2.500466280405587716e-01
-2.499332376490855379e-01
-2.498191917353577429e-01
-2.497045192183856566e-01
-2.495892485579480902e-01
-2.494734077610346323e-01
-2.493570243881900739e-01
-2.492401255597646303e-01
-2.491227379620740423e-01
-2.490048878534736609e-01
-2.488866010703508491e-01
-2.487679030330397223e-01
-2.486488187516630033e-01
-2.485293728319051265e-01
-2.484095894807214211e-01
-2.482894925119879248e-01
-2.481691053520965196e-01
-2.480484510455002178e-01
-2.479275522602133464e-01
-2.478064312932715951e-01
-2.476851100761569557e-01
-2.475636101801922118e-01
-2.474419528219103936e-01
-2.473201588684039443e-01
-2.471982488426588409e-01
-2.470762429288787254e-01
-2.469541609778042046e-01
-2.468320225120324007e-01
-2.467098467313419974e-01
-2.465876525180289158e-01
-2.464654584422578398e-01
-2.463432827674346681e-01
-2.462211434556052514e-01
-2.460990581728853266e-01
-2.459770442949271718e-01
-2.458551189124277836e-01
-2.457332988366840443e-01
-2.456116006051995704e-01
-2.454900404873488207e-01
-2.453686344901032101e-01
-2.452473983638242538e-01
-2.451263476081289860e-01
-2.450054974778322348e-01
-2.448848629889709971e-01
-2.447644589249155234e-01
-2.446442998425719662e-01
-2.445244000786814809e-01
-2.444047737562201339e-01
-2.442854347909044488e-01
-2.441663968978070587e-01
-2.440476735980867951e-01
-2.439292782258377090e-01
-2.438112239350611887e-01
-2.436935237067652804e-01
-2.435761903561953767e-01
-2.434592365402001302e-01
-2.433426747647364774e-01
-2.432265173925173829e-01
-2.431107766508060208e-01
-2.429954646393596707e-01
-2.428805933385267957e-01
-2.427661746175003021e-01
-2.426522202427301433e-01
-2.425387418864979605e-01
-2.424257511356566197e-01
-2.423132595005368928e-01
-2.422012784240240302e-01
-2.420898192908058633e-01
-2.419788934367948785e-01
-2.418685121587257070e-01
-2.417586867239296944e-01
-2.416494283802880505e-01
-2.415407483663644661e-01
-2.414326579217182800e-01
-2.413251682973989454e-01
-2.412182907666219900e-01
-2.411120366356271361e-01
-2.410064172547181083e-01
-2.409014440294841575e-01
-2.407971284322027727e-01
-2.406934820134226105e-01
-2.405905164137258356e-01
-2.404882433756684867e-01
-2.403866747558971451e-01
-2.402858225374404633e-01
-2.401856988421728623e-01
-2.400863159434485361e-01
-2.399876862789027954e-01
-2.398898224634177234e-01
-2.397927373022491482e-01
-2.396964438043110435e-01
-2.396009551956138905e-01
-2.395062849328525867e-01
-2.394124467171396542e-01
-2.393194545078788926e-01
-2.392273225367746725e-01
-2.391360653219714583e-01
-2.390456976823180923e-01
-2.389562347517509011e-01
-2.388676919937896270e-01
-2.387800852161397480e-01
-2.386934305853945781e-01
-2.386077446418301551e-01
-2.385230443142859202e-01
-2.384393469351236139e-01
-2.383566702552570304e-01
-2.382750324592443347e-01
-2.381944521804354453e-01
-2.381149485161656587e-01
-2.380365410429875483e-01
-2.379592498319320626e-01
-2.378830954637904671e-01
-2.378080990444077503e-01
-2.377342822199788042e-01
-2.376616671923379165e-01
-2.375902767342324973e-01
-2.375201342045716035e-01
-2.374512635636398250e-01
-2.373836893882671217e-01
-2.373174368869452600e-01
-2.372525319148812151e-01
-2.371890009889784101e-01
-2.371268713027361863e-01
-2.370661707410585128e-01
-2.370069278949626934e-01
-2.369491720761790210e-01
-2.368929333316329433e-01
-2.368382424578005796e-01
-2.367851310149299560e-01
-2.367336313411192439e-01
-2.366837765662447302e-01
-2.366356006257308853e-01
-2.365891382741554805e-01
-2.365444250986833141e-01
-2.365014975323222468e-01
-2.364603928669959942e-01
-2.364211492664283487e-01
-2.363838057788345270e-01
-2.363484023494155928e-01
-2.363149798326525663e-01
-2.362835800043977530e-01
-2.362542455737613734e-01
-2.362270201947924697e-01
-2.362019484779536993e-01
-2.361790760013908197e-01
-2.361584493219981706e-01
-2.361401159862828447e-01
-2.361241245410308776e-01
-2.361105245437799816e-01
-2.360993665731045410e-01
-2.360907022387195020e-01
-2.360845841914111787e-01
-2.360810661328039683e-01
-2.360802028249736340e-01
-2.360820500999186444e-01
-2.360866648689028124e-01
-2.360941051316836625e-01
-2.361044299856424611e-01
-2.361176996348333945e-01
-2.361339753989708246e-01
-2.361533197223751046e-01
-2.361757961828991337e-01
-2.362014695008596010e-01
-2.362304055479982068e-01
-2.362626713565003367e-01
-2.362983351281000288e-01
-2.363374662433023188e-01
-2.363801352707554926e-01
-2.364264139768079143e-01
-2.364763753352862319e-01
-2.365300935375330427e-01
-2.365876440027450123e-01
-2.366491033886538586e-01
-2.367145496025947482e-01
-2.367840618130092334e-01
-2.368577204614313592e-01
-2.369356072750083697e-01
-2.370178052796090007e-01
-2.371043988135754232e-01
-2.371954735421763494e-01
-2.372911164728216116e-01
-2.373914159711009997e-01
-2.374964617777118314e-01
-2.376063450263429522e-01
-2.377211582625847475e-01
-2.378409954639374158e-01
-2.379659520609921364e-01
-2.380961249598624874e-01
-2.382316125659455774e-01
-2.383725148090954649e-01
-2.385189331702935733e-01
-2.386709707099035349e-01
-2.388287320976006656e-01
-2.389923236440686105e-01
-2.391618533345586106e-01
-2.393374308644093673e-01
-2.395191676766280919e-01
-2.397071770016361292e-01
-2.399015738992848756e-01
-2.401024753032509063e-01
-2.403100000679211923e-01
-2.405242690178823750e-01
-2.407454050001303913e-01
-2.409735329391192171e-01
-2.412087798947701589e-01
-2.414512751235652066e-01
-2.417011501428505127e-01
-2.419585387984778957e-01
-2.422235773359148192e-01
-2.424964044749544079e-01
-2.427771614881595874e-01
-2.430659922831761022e-01
-2.433630434890509397e-01
-2.436684645466932753e-01
-2.439824078036156307e-01
-2.443050286130931115e-01
-2.446364854378782205e-01
-2.449769399586076701e-01
-2.453265571870364981e-01
-2.456855055842320223e-01
-2.460539571838573636e-01
-2.464320877206707394e-01
-2.468200767643603522e-01
-2.472181078588299719e-01
-2.476263686670414355e-01
-2.480450511215119835e-01
-2.484743515805522551e-01
-2.489144709903189923e-01
-2.493656150527401028e-01
-2.498279943993529373e-01
-2.503018247710744326e-01
-2.507873272038996237e-01
-2.512847282204954125e-01
-2.517942600276260046e-01
-2.523161607193093459e-01
-2.528506744855620880e-01
-2.533980518265427362e-01
-2.539585497718490625e-01
-2.545324321046636973e-01
-2.551199695903709208e-01
-2.557214402091902983e-01
-2.563371293922808158e-01
-2.569673302606690912e-01
-2.576123438662394349e-01
-2.582724794338956964e-01
-2.589480546038575581e-01
-2.596393956728912378e-01
-2.603468378330898170e-01
-2.610707254066114147e-01
-2.618114120745514417e-01
-2.625692610978642150e-01
-2.633446455279584986e-01
-2.641379484042636894e-01
-2.649495629356996007e-01
-2.657798926625739577e-01
-2.666293515949770820e-01
-2.674983643232348718e-01
-2.683873660954165796e-01
-2.692968028562638394e-01
-2.702271312412078963e-01
-2.711788185183657829e-01
-2.721523424705448724e-01
-2.731481912083308927e-01
-2.741668629042817718e-01
-2.752088654370843934e-01
-2.762747159332497593e-01
-2.773649401925119551e-01
-2.784800719815485603e-01
-2.796206521789467159e-01
-2.807872277524890992e-01
-2.819803505478223338e-01
-2.832005758653859950e-01
-2.844484608001225379e-01
-2.857245623159496151e-01
-2.870294350242613146e-01
-2.883636286328344345e-01
-2.897276850284637439e-01
-2.911221349534493519e-01
-2.925474942327417893e-01
-2.940042595051461372e-01
-2.954929034085529982e-01
-2.970138691657638885e-01
-2.985675645142012447e-01
-3.001543549197479011e-01
-3.017745560122890858e-01
-3.034284251783992969e-01
-3.051161522452416897e-01
-3.068378491893772320e-01
-3.085935388051199157e-01
-3.103831422696770592e-01
-3.122064655469972694e-01
-3.140631845794877308e-01
-3.159528292271029937e-01
-3.178747659273529202e-01
-3.198281790681925529e-01
-3.218120510892601427e-01
-3.238251413562630576e-01
-3.258659638892359434e-01
-3.279327640686351963e-01
-3.300234944944411275e-01
-3.321357902331266154e-01
-3.342669437558114520e-01
-3.364138799481295461e-01
-3.385731316578470818e-01
-3.407408163390654998e-01
-3.429126144502259721e-01
-3.450837503645545201e-01
-3.472489766525345134e-01
-3.494025626918764726e-01
-3.515382886455348244e-01
-3.536494459157321635e-01
-3.557288452237979959e-01
-3.577688334732138653e-01
-3.597613205174840512e-01
-3.616978168663628757e-01
-3.635694832154978129e-01
-3.653671924693971396e-01
-3.670816046423218681e-01
-3.687032546665842125e-01
-3.702226527180739746e-01
-3.716303961955339519e-01
-3.729172919802490882e-01
-3.740744870795728039e-01
-3.750936052497035322e-01
-3.759668867329865605e-01
-3.766873278673314451e-01
-3.772488170638634841e-01
-3.776462635335045004e-01
-3.778757151964666217e-01
-3.779344624432270927e-01
-3.778211248317101534e-01
-3.775357183899712421e-01
-3.770797019202334344e-01
-3.764560015305852270e-01
-3.756690135081764415e-01
-3.747245865406775844e-01
-3.736299851390305071e-01
-3.723938368661123266e-01
-3.710260665927774260e-01
-3.695378214555248286e-01
-3.679413904617087616e-01
-3.662501227739502485e-01
-3.644783486112050386e-01
-3.626413064438923084e-01
-3.607550797531886566e-01
-3.588365460889486047e-01
-3.569033405114165891e-01
-3.549738347448079256e-01
-3.530671324983366555e-01
-3.512030803964859560e-01
-3.494022927561281078e-01
-3.476861869756278089e-01
-3.460770244475959712e-01
-3.445979495183639219e-01
-3.432730158916367236e-01
-3.421271857572585340e-01
-3.411862815144392491e-01
-3.404768629130247026e-01
-3.400259934243617388e-01
-3.398608484411713704e-01
-3.400081045337475238e-01
-3.404930340844624648e-01
-3.413382149154743361e-01
-3.425617536492689408e-01
-3.441749211475427228e-01
-3.461791194601630539e-01
-3.485621587653877085e-01
-3.512939416406219428e-01
-3.543218544515261414e-01
-3.575664675225511124e-01
-3.609185352846199790e-01
-3.642386957143933235e-01
-3.673615382513519267e-01
-3.701055915135933461e-01
-3.722899975493351166e-01
-3.737570435505473410e-01
-3.743975345654765308e-01
-3.741739363249207417e-01
-3.731353535005743072e-01
-3.714195627210269968e-01
-3.692404242450232354e-01
-3.668628898881020062e-01
-3.645708363009111386e-01
-3.626339096195528300e-01
-3.612784459156163641e-01
-3.606652923183527593e-01
-3.608752241745095124e-01
-3.619014650591668714e-01
-3.636487536490067840e-01
-3.659391140764592376e-01
-3.685253247536128263e-01
-3.711133157222625822e-01
-3.733937726523519074e-01
-3.750809404371091560e-01
-3.759535807980008415e-01
-3.758905686142059999e-01
-3.748932440409277755e-01
-3.730891472100374417e-01
-3.707164225811949154e-01
-3.680929789132880714e-01
-3.655773143329526520e-01
-3.635278073614829908e-01
-3.622648256362957508e-01
-3.620367760470952212e-01
-3.629888775872237017e-01
-3.651332533538831915e-01
-3.683217146818781873e-01
-3.722285004978573286e-01
-3.763578056699039553e-01
-3.800955553318127178e-01
-3.828184571786777401e-01
-3.840493319263231786e-01
-3.836121818432626784e-01
-3.817182472135268734e-01
-3.789324375483997254e-01
-3.760248903509076923e-01
-3.737654376050854599e-01
-3.727320621510304410e-01
-3.731799863741345202e-01
-3.749869445891436670e-01
-3.776759390312097731e-01
-3.805168808891674637e-01
-3.827036885522039356e-01
-3.835787618146850320e-01
-3.828405793407536617e-01
-3.806545181309472503e-01
-3.776184184893082163e-01
-3.745987872661868390e-01
-3.725030821511460810e-01
-3.720559933321330726e-01
-3.736168448273429754e-01
-3.770508963136668390e-01
-3.816772106454635050e-01
-3.863525257924465550e-01
-3.897627348447623707e-01
-3.909074665660762227e-01
-3.895795830545361604e-01
-3.865300940239136396e-01
-3.831629231155764814e-01
-3.809240824680419912e-01
-3.807131244825312510e-01
-3.825491533603979644e-01
-3.855670544738332706e-01
-3.883463752475844188e-01
-3.895112855966889054e-01
-3.883881964632278083e-01
-3.853769465911725534e-01
-3.818032138140982079e-01
-3.793436654009218478e-01
-3.793326978925826709e-01
-3.822076910713941289e-01
-3.872198452987429262e-01
-3.925449637933772218e-01
-3.959741348298767005e-01
-3.960923191688950906e-01
-3.932381669733376883e-01
-3.893789140870370646e-01
-3.868940187730749436e-01
-3.871724953929319701e-01
-3.898661194971332344e-01
-3.930990773601627519e-01
-3.945699578791145301e-01
-3.930544160791468733e-01
-3.893193374477680879e-01
-3.857084979182546225e-01
-3.847238172936791045e-01
-3.875549499320155578e-01
-3.932461937970745947e-01
-3.989182858526790221e-01
-4.013764813601098380e-01
-3.994896057160521319e-01
-3.952523496667879055e-01
-3.921919711176644618e-01
-3.925745992169156762e-01
-3.957597144114355925e-01
-3.987352649560064743e-01
-3.985482165535322308e-01
-3.949399965809075042e-01
-3.907661048714009544e-01
-3.897402367853972094e-01
-3.935310449438577107e-01
-4.002241583331151431e-01
-4.052762439961091201e-01
-4.051617487417492058e-01
-4.008960444624313779e-01
-3.971037145699453652e-01
-3.973707892450316082e-01
-4.009006439986084747e-01
-4.034076277826576518e-01
-4.015561784976106052e-01
-3.967806788147751895e-01
-3.940758349883151657e-01
-3.970729438645444476e-01
-4.042873650104728545e-01
-4.097961281084241403e-01
-4.089779786521225424e-01
-4.039788084816944291e-01
-4.011409647318200933e-01
-4.034015958670214008e-01
-4.071029681175096226e-01
-4.065898672573033945e-01
-4.016655368073163146e-01
-3.983760596795050679e-01
-4.018382654024436618e-01
-4.098791794236671948e-01
-4.145226512070118163e-01
-4.115402841967300551e-01
-4.063559741215210241e-01
-4.062407041957081799e-01
-4.103315160008876306e-01
-4.112904088451601048e-01
-4.064447372385220913e-01
-4.025658409179192487e-01
-4.065375319808148813e-01
-4.153087021567408166e-01
-4.186917599878763885e-01
-4.138631854834021184e-01
-4.097873417701410892e-01
-4.124701281844579959e-01
-4.158081933673714592e-01
-4.123617028017370068e-01
-4.070058330073082486e-01
-4.097302190431449387e-01
-4.191647069995761421e-01
-4.229475884840284694e-01
-4.174905246784972879e-01
-4.140962150969281219e-01
-4.179752189852926625e-01
-4.195775004292380261e-01
-4.137563948441697059e-01
-4.112649189175840991e-01
-4.194435345675724403e-01
-4.273020475244362348e-01
-4.236963672095095390e-01
-4.184473247471988122e-01
-4.216812132317424577e-01
-4.239521297270651967e-01
-4.178084036123113076e-01
-4.158892164812557080e-01
-4.256606256647954556e-01
-4.319597382345521930e-01
-4.259607249422149300e-01
-4.232215898861337311e-01
-4.280966058529880880e-01
-4.257764439327694772e-01
-4.195000368240535127e-01
-4.258593253114085209e-01
-4.361797111216986211e-01
-4.324105406869361845e-01
-4.274412454111780058e-01
-4.322242226867066273e-01
-4.305982245773709027e-01
-4.239322216580233005e-01
-4.314586426495721216e-01
-4.413757686028533245e-01
-4.355083559582462738e-01
-4.328237319560356844e-01
-4.378545690459095252e-01
-4.320734402218976422e-01
-4.298368104166975234e-01
-4.428160078921885012e-01
-4.444843471765802523e-01
-4.370481929097553286e-01
-4.416068566352577829e-01
-4.395449671571267092e-01
-4.334428131960229025e-01
-4.455006807559719895e-01
-4.506079512630474793e-01
-4.422809503896802941e-01
-4.465937404420125545e-01
-4.442841880135517951e-01
-4.387596179123240958e-01
-4.527841145035294002e-01
-4.544876650561961440e-01
-4.474090306278578622e-01
-4.531399683138099821e-01
-4.460235982018698753e-01
-4.480029801318305416e-01
-4.625693110347076642e-01
-4.549524518112014748e-01
-4.560058954198152326e-01
-4.561407011070982565e-01
-4.493434471972642674e-01
-4.654329993297200985e-01
-4.639653612358470292e-01
-4.599102018622859833e-01
-4.636521938571280255e-01
-4.545048453719176540e-01
-4.698668776744073794e-01
-4.708348790596034172e-01
-4.658506817026145108e-01
-4.694988860613154014e-01
-4.606060450062145484e-01
-4.782958281311653903e-01
-4.750528628475950144e-01
-4.739709405464381242e-01
-4.730165229200954946e-01
-4.698574727880214796e-01
-4.882560049489724774e-01
-4.778419282543878710e-01
-4.837807407411865990e-01
-4.737472932695588890e-01
-4.879111045867336460e-01
-4.905064205142023459e-01
-4.872217073633775541e-01
-4.858624909181039064e-01
-4.860041158740701639e-01
-5.022845775322750672e-01
-4.920224965430561870e-01
-4.966749072360137074e-01
-4.891963427261861730e-01
-5.109062190467044129e-01
-4.991497084472708567e-01
-5.052808525727788824e-01
-4.959550231738367732e-01
-5.191385990169826714e-01
-5.070607075990438695e-01
-5.126304133151009523e-01
-5.057219142069749873e-01
-5.272354767585724078e-01
-5.166025201872316286e-01
-5.174729638977925150e-01
-5.216764229080160797e-01
-5.315116731036502173e-01
-5.300573610612793196e-01
-5.197480891950312376e-01
-5.438544793102453312e-01
-5.332786523860724159e-01
-5.397680743997670394e-01
-5.343623693111033690e-01
-5.526382753426831718e-01
-5.490159404132979315e-01
-5.375721678317789687e-01
-5.665946752052033464e-01
-5.530083785260403451e-01
-5.539288869144722849e-01
-5.686799164348000923e-01
-5.638048977471353806e-01
-5.703800882173269970e-01
-5.701130874410372806e-01
-5.784809543379976216e-01
-5.839221430915458866e-01
-5.766652297424017526e-01
-5.923681965850390307e-01
-5.965487632352526326e-01
-5.885943799758925898e-01
-6.036861130358169847e-01
-6.090224405397201002e-01
-6.069823482003157133e-01
-6.122230146697299480e-01
-6.182971923436210160e-01
-6.335536045762476531e-01
-6.226964036982840511e-01
-6.204131451592552748e-01
-6.585599333300801161e-01
-6.465504175842217149e-01
-6.314154225688236588e-01
-6.592872107869051090e-01
-6.649048996869949546e-01
-6.827751612046837337e-01
-6.679965032218539989e-01
-6.556726409377264808e-01
-6.943952551139012108e-01
-6.995066835018790563e-01
-7.249080984471233391e-01
-7.087459692303234027e-01
-6.930080694548669262e-01
-7.076369433186795455e-01
-7.069980014123354861e-01
-7.587824044812629953e-01
-7.636224685510479837e-01
-8.041437183181754378e-01
-7.946486218635272492e-01
-8.042773532259027691e-01
-7.862930211131335945e-01
-7.761116187588623649e-01
-7.621700333000420713e-01
-7.457534896630111376e-01
-7.390669804304977886e-01
-7.220671766689029658e-01
-7.186372924655616279e-01
-7.019181855608858100e-01
-6.956464149382199924e-01
-6.798798252699187472e-01
-6.668445097684958522e-01
-6.571817592605373459e-01
-6.408581568637310433e-01
-6.499477395278985270e-01
-6.424702984389372151e-01
-6.851714659258044682e-01
-6.961367366036237403e-01
-7.672007983122700603e-01
-7.760674824749419498e-01
-8.046055222148010833e-01
-7.794914694494733398e-01
-7.567746028404503944e-01
-8.102770258469964570e-01
-8.382455986008400250e-01
-8.971651179689632549e-01
-8.620457879944166679e-01
-8.480583502873283441e-01
-9.589828466913647986e-01
-9.510542680101392587e-01
-9.069446653275703429e-01
-1.021705179355891557e+00
-1.019711160800585326e+00
-9.713831021158927381e-01
-1.133359084269872197e+00
-1.060868574085044536e+00
-1.123283097863324809e+00
-1.130785627655716885e+00
-1.256981827828459242e+00
-1.194744144684333209e+00
-1.302461305970919803e+00
-1.194186426595096329e+00
-1.468712911546057542e+00
-1.476919422530361903e+00
-1.340926375912760316e+00
-1.531582378020634572e+00
-1.660986887703937542e+00
-1.488067669282783889e+00
-1.355974012327900047e+00
-1.487153380468541286e+00
-1.868097707081595393e+00
-2.453392641733878943e+00
-3.187133962044898627e+00
-3.323717284448375775e+00
-2.812029237463656184e+00
-3.862056154517533813e+00
-3.077560156782916501e+00
-5.393205075607179211e+00
-5.510290969762625224e+00
-8.153003122654510548e+00
-2.057000895688661757e+01
-1.247405531223213337e+01
-1.353827535397595128e+01
-1.306693142178793288e+01
-1.300769807809624901e+01
-1.315331860560767296e+01
-1.320329128493883530e+01
-1.326821897748131640e+01
-1.324510913276697011e+01
-1.317936998566496065e+01
-1.315912483737877992e+01
-1.314586255989958019e+01
-1.314305262230195126e+01
-1.314233878679609546e+01
-1.314323655931418422e+01
-1.314464353965463772e+01
-1.314634635383752226e+01
-1.314817168249315671e+01
-1.315006116982974582e+01
-1.315198339004315820e+01
-1.315392196410307690e+01
-1.315587055751819179e+01
-1.315782396505956342e+01
-1.315978086213159415e+01
-1.316173935868081379e+01
-1.316369921410947796e+01
-1.316565965628966950e+01
-1.316762067953984250e+01
-1.316958193598622984e+01
-1.317154346098705453e+01
-1.317350508482394744e+01
-1.317546684106002353e+01
-1.317742864138177872e+01
-1.317939051058927369e+01
-1.318135240025980615e+01
-1.318331432742486520e+01
-1.318527626437589007e+01
-1.318723822252460387e+01
-1.318920018545057538e+01
-1.319116216075067705e+01
-1.319312413840973619e+01
-1.319508612349021881e+01
-1.319704810973746767e+01
-1.319901010053848367e+01
-1.320097209191100873e+01
-1.320293408613178876e+01
-1.320489608062577425e+01
-1.320685807692990643e+01
-1.320882007335888275e+01
-1.321078207095336587e+01
-1.321274406860062456e+01
-1.321470606700613182e+01
-1.321666806543111861e+01
-1.321863006435325083e+01
-1.322059206328101588e+01
-1.322255406253642995e+01
-1.322451606179308747e+01
-1.322647806126621894e+01
-1.322844006074051393e+01
-1.323040206035775412e+01
-1.323236405997777254e+01
-1.323432605969179754e+01
-1.323628805941063291e+01
-1.323825005919075792e+01
-1.324021205897755671e+01
-1.324217405880372489e+01
-1.324413605863803234e+01
-1.324609805849702759e+01
-1.324806005836517997e+01
-1.325002205824821289e+01
-1.325198405814100155e+01
-1.325394605804216219e+01
-1.325590805795332550e+01
-1.325787005786858685e+01
-1.325983205779381535e+01
-1.326179405772038322e+01
-1.326375605765666776e+01
-1.326571805759255973e+01
-1.326768005753776514e+01
-1.326964205748153525e+01
-1.327160405743410898e+01
-1.327356605738466477e+01
-1.327552805734344865e+01
-1.327749005729993925e+01
-1.327945205726404687e+01
-1.328141405722577950e+01
-1.328337605719450565e+01
-1.328533805716090122e+01
-1.328730005713367390e+01
-1.328926205710423147e+01
-1.329122405708056576e+01
-1.329318605705484657e+01
-1.329514805703433034e+01
-1.329711005701193649e+01
-1.329907205699420558e+01
-1.330103405697478003e+01
-1.330299605695951115e+01
-1.330495805694272704e+01
-1.330692005692963242e+01
-1.330888205691519133e+01
-1.331084405690400985e+01
-1.331280605689163821e+01
-1.331476805688213361e+01
-1.331673005687158273e+01
-1.331869205686354185e+01
-1.332065405685458437e+01
-1.332261605684781536e+01
-1.332457805684024699e+01
-1.332654005683457754e+01
-1.332850205682821176e+01
-1.333046405682348734e+01
-1.333242605681815718e+01
-1.333438805681424100e+01
-1.333635005680980079e+01
-1.333831205680656851e+01
-1.334027405680288325e+01
-1.334223605680022651e+01
-1.334419805679718252e+01
-1.334616005679500716e+01
-1.334812205679249963e+01
-1.335008405679072396e+01
-1.335204605678866585e+01
-1.335400805678721881e+01
-1.335597005678553195e+01
-1.335793205678435136e+01
-1.335989405678297004e+01
-1.336185605678200439e+01
-1.336381805678087176e+01
-1.336578005678007663e+01
-1.336774205677914473e+01
-1.336970405677848461e+01
-1.337166605677771258e+01
-1.337362805677715549e+01
-1.337559005677651136e+01
-1.337755205677603421e+01
-1.337951405677548955e+01
-1.338147605677507279e+01
-1.338343805677460452e+01
-1.338540005677423039e+01
-1.338736205677382252e+01
-1.338932405677348036e+01
-1.339128605677311690e+01
-1.339324805677279784e+01
-1.339521005677246990e+01
-1.339717205677216683e+01
-1.339913405677186375e+01
-1.340109605677157134e+01
-1.340305805677128781e+01
-1.340502005677100428e+01
-1.340698205677073673e+01
-1.340894405677045853e+01
-1.341090605677020342e+01
-1.341286805676993232e+01
-1.341483005676968787e+01
-1.341679205676942210e+01
-1.341875405676918653e+01
-1.342071605676892609e+01
-1.342267805676870118e+01
-1.342464005676844785e+01
-1.342660205676823182e+01
-1.342856405676798559e+01
-1.343052605676777844e+01
-1.343248805676754110e+01
-1.343445005676734283e+01
-1.343641205676711614e+01
-1.343837405676692853e+01
-1.344033605676671250e+01
-1.344229805676653555e+01
-1.344426005676633196e+01
-1.344622205676616744e+01
-1.344818405676597628e+01
-1.345014605676582242e+01
-1.345210805676564370e+01
-1.345407005676550227e+01
-1.345603205676533598e+01
-1.345799405676520522e+01
-1.345995605676505313e+01
-1.346191805676493480e+01
-1.346388005676479516e+01
-1.346584205676468748e+01
-1.346780405676456205e+01
-1.346976605676446503e+01
-1.347172805676435203e+01
-1.347369005676426568e+01
-1.347565205676416333e+01
-1.347761405676408764e+01
-1.347957605676399773e+01
-1.348153805676393091e+01
-1.348350005676385166e+01
-1.348546205676379373e+01
-1.348742405676372336e+01
-1.348938605676367253e+01
-1.349134805676361104e+01
-1.349331005676356732e+01
-1.349527205676351471e+01
-1.349723405676347632e+01
-1.349919605676343082e+01
-1.350115805676339775e+01
-1.350312005676335758e+01
-1.350508205676332985e+01
-1.350704405676329500e+01
-1.350900605676327082e+01
-1.351096805676324131e+01
-1.351293005676322068e+01
-1.351489205676319472e+01
-1.351685405676317764e+01
-1.351881605676315523e+01
-1.352077805676313993e+01
-1.352274005676312107e+01
-1.352470205676310755e+01
-1.352666405676309047e+01
-1.352862605676307872e+01
-1.353058805676306342e+01
-1.353255005676305167e+01
-1.353451205676303815e+01
-1.353647405676302640e+01
-1.353843605676301465e+01
-1.354039805676300467e+01
-1.354236005676299293e+01
-1.354432205676298295e+01
-1.354628405676297120e+01
-1.354824605676296123e+01
-1.355020805676295126e+01
-1.355217005676294129e+01
-1.355413205676293131e+01
-1.355609405676292134e+01
-1.355805605676291137e+01
-1.356001805676289962e+01
-1.356198005676288965e+01
-1.356394205676287790e+01
-1.356590405676286792e+01
-1.356786605676285618e+01
-1.356982805676284620e+01
-1.357179005676283445e+01
-1.357375205676282448e+01
-1.357571405676281273e+01
-1.357767605676280276e+01
-1.357963805676279101e+01
-1.358160005676278104e+01
-1.358356205676276929e+01
-1.358552405676275932e+01
-1.358748605676274757e+01
-1.358944805676273759e+01
-1.359141005676272762e+01
-1.359337205676271942e+01
-1.359533405676270945e+01
-1.359729605676270126e+01
-1.359925805676269128e+01
-1.360122005676268309e+01
-1.360318205676267311e+01
-1.360514405676266492e+01
-1.360710605676265494e+01
-1.360906805676264852e+01
-1.361103005676264033e+01
-1.361299205676263391e+01
-1.361495405676262571e+01
-1.361691605676261929e+01
-1.361887805676261110e+01
-1.362084005676260468e+01
-1.362280205676259826e+01
-1.362476405676259361e+01
-1.362672605676258719e+01
-1.362868805676258255e+01
-1.363065005676257613e+01
-1.363261205676257148e+01
-1.363457405676256684e+01
-1.363653605676256397e+01
-1.363849805676255933e+01
-1.364046005676255646e+01
-1.364242205676255182e+01
-1.364438405676254895e+01
-1.364634605676254608e+01
-1.364830805676254322e+01
-1.365027005676254035e+01
-1.365223205676253748e+01
-1.365419405676253461e+01
-1.365615605676253352e+01
-1.365811805676253066e+01
-1.366008005676252957e+01
-1.366204205676252670e+01
-1.366400405676252561e+01
-1.366596605676252452e+01
-1.366792805676252343e+01
-1.366989005676252233e+01
-1.367185205676252124e+01
-1.367381405676252015e+01
-1.367577605676251906e+01
-1.367773805676251797e+01
-1.367970005676251688e+01
-1.368166205676251579e+01
-1.368362405676251470e+01
-1.368558605676251361e+01
-1.368754805676251252e+01
-1.368951005676251143e+01
-1.369147205676251033e+01
-1.369343405676250924e+01
-1.369539605676250815e+01
-1.369735805676250706e+01
-1.369932005676250597e+01
-1.370128205676250488e+01
-1.370324405676250379e+01
-1.370520605676250270e+01
-1.370716805676250161e+01
-1.370913005676250052e+01
-1.371109205676249942e+01
-1.371305405676249833e+01
-1.371501605676249724e+01
-1.371697805676249615e+01
-1.371894005676249506e+01
-1.372090205676249397e+01
-1.372286405676249288e+01
-1.372482605676249179e+01
-1.372678805676249070e+01
-1.372875005676248961e+01
-1.373071205676248852e+01
-1.373267405676248742e+01
-1.373463605676248633e+01
-1.373659805676248524e+01
-1.373856005676248415e+01
-1.374052205676248306e+01
-1.374248405676248197e+01
-1.374444605676248088e+01
-1.374640805676247979e+01
-1.374837005676247870e+01
-1.375033205676247761e+01
-1.375229405676247652e+01
-1.375425605676247542e+01
-1.375621805676247433e+01
-1.375818005676247324e+01
-1.376014205676247215e+01
-1.376210405676247106e+01
-1.376406605676246997e+01
-1.376602805676246888e+01
-1.376799005676246779e+01
-1.376995205676246670e+01
-1.377191405676246561e+01
-1.377387605676246451e+01
-1.377583805676246342e+01
-1.377780005676246233e+01
-1.377976205676246124e+01
-1.378172405676246015e+01
-1.378368605676245906e+01
-1.378564805676245797e+01
-1.378761005676245688e+01
-1.378957205676245579e+01
-1.379153405676245470e+01
-1.379349605676245361e+01
-1.379545805676245251e+01
-1.379742005676245142e+01
-1.379938205676245033e+01
-1.380134405676244924e+01
-1.380330605676244815e+01
-1.380526805676244706e+01
-1.380723005676244597e+01
-1.380919205676244488e+01
-1.381115405676244379e+01
-1.381311605676244270e+01
-1.381507805676244338e+01
-1.381704005676244229e+01
-1.381900205676244298e+01
-1.382096405676244188e+01
-1.382292605676244257e+01
-1.382488805676244148e+01
-1.382685005676244216e+01
-1.382881205676244285e+01
-1.383077405676244354e+01
-1.383273605676244422e+01
-1.383469805676244491e+01
-1.383666005676244559e+01
-1.383862205676244628e+01
-1.384058405676244696e+01
-1.384254605676244765e+01
-1.384450805676244833e+01
-1.384647005676244902e+01
-1.384843205676244970e+01
-1.385039405676245039e+01
-1.385235605676245108e+01
-1.385431805676245176e+01
-1.385628005676245245e+01
-1.385824205676245313e+01
-1.386020405676245382e+01
-1.386216605676245450e+01
-1.386412805676245519e+01
-1.386609005676245410e+01
-1.386805205676245478e+01
-1.387001405676245369e+01
-1.387197605676245438e+01
-1.387393805676245329e+01
-1.387590005676245397e+01
-1.387786205676245288e+01
-1.387982405676245357e+01
-1.388178605676245247e+01
-1.388374805676245316e+01
-1.388571005676245207e+01
-1.388767205676245275e+01
-1.388963405676245166e+01
-1.389159605676245235e+01
-1.389355805676245126e+01
-1.389552005676245194e+01
-1.389748205676245085e+01
-1.389944405676245154e+01
-1.390140605676245045e+01
-1.390336805676245113e+01
-1.390533005676245004e+01
-1.390729205676245073e+01
-1.390925405676245141e+01
-1.391121605676245210e+01
-1.391317805676245278e+01
-1.391514005676245347e+01
-1.391710205676245415e+01
-1.391906405676245484e+01
-1.392102605676245553e+01
-1.392298805676245621e+01
-1.392495005676245690e+01
-1.392691205676245758e+01
-1.392887405676245827e+01
-1.393083605676245895e+01
-1.393279805676245964e+01
-1.393476005676246032e+01
-1.393672205676246101e+01
-1.393868405676246169e+01
-1.394064605676246238e+01
-1.394260805676246306e+01
-1.394457005676246375e+01
-1.394653205676246444e+01
-1.394849405676246512e+01
-1.395045605676246581e+01
-1.395241805676246649e+01
-1.395438005676246718e+01
-1.395634205676246786e+01
-1.395830405676246855e+01
-1.396026605676246923e+01
-1.396222805676246992e+01
-1.396419005676247060e+01
-1.396615205676247129e+01
-1.396811405676247198e+01
-1.397007605676247266e+01
-1.397203805676247335e+01
-1.397400005676247403e+01
-1.397596205676247472e+01
-1.397792405676247540e+01
-1.397988605676247609e+01
-1.398184805676247677e+01
-1.398381005676247746e+01
-1.398577205676247814e+01
-1.398773405676247883e+01
-1.398969605676247951e+01
-1.399165805676248020e+01
-1.399362005676248089e+01
-1.399558205676248157e+01
-1.399754405676248226e+01
-1.399950605676248294e+01
-1.400146805676248363e+01
-1.400343005676248431e+01
-1.400539205676248500e+01
-1.400735405676248568e+01
-1.400931605676248637e+01
-1.401127805676248705e+01
-1.401324005676248774e+01
-1.401520205676248843e+01
-1.401716405676248911e+01
-1.401912605676248980e+01
-1.402108805676249048e+01
-1.402305005676249117e+01
-1.402501205676249185e+01
-1.402697405676249254e+01
-1.402893605676249322e+01
-1.403089805676249391e+01
-1.403286005676249459e+01
-1.403482205676249528e+01
-1.403678405676249596e+01
-1.403874605676249665e+01
-1.404070805676249734e+01
-1.404267005676249802e+01
-1.404463205676249871e+01
-1.404659405676249939e+01
-1.404855605676250008e+01
-1.405051805676250076e+01
-1.405248005676250145e+01
-1.405444205676250213e+01
-1.405640405676250282e+01
-1.405836605676250350e+01
-1.406032805676250419e+01
-1.406229005676250488e+01
-1.406425205676250556e+01
-1.406621405676250625e+01
-1.406817605676250693e+01
-1.407013805676250762e+01
-1.407210005676250830e+01
-1.407406205676250899e+01
-1.407602405676250967e+01
-1.407798605676251036e+01
-1.407994805676251104e+01
-1.408191005676251173e+01
-1.408387205676251241e+01
-1.408583405676251310e+01
-1.408779605676251379e+01
-1.408975805676251447e+01
-1.409172005676251516e+01
-1.409368205676251584e+01
-1.409564405676251653e+01
-1.409760605676251721e+01
-1.409956805676251790e+01
-1.410153005676251858e+01
-1.410349205676251927e+01
-1.410545405676251995e+01
-1.410741605676252064e+01
-1.410937805676252133e+01
-1.411134005676252201e+01
-1.411330205676252270e+01
-1.411526405676252338e+01
-1.411722605676252407e+01
-1.411918805676252475e+01
-1.412115005676252544e+01
-1.412311205676252612e+01
-1.412507405676252681e+01
-1.412703605676252749e+01
-1.412899805676252818e+01
-1.413096005676252886e+01
-1.413292205676252955e+01
-1.413488405676253024e+01
-1.413684605676253092e+01
-1.413880805676253161e+01
-1.414077005676253229e+01
-1.414273205676253298e+01
-1.414469405676253366e+01
-1.414665605676253435e+01
-1.414861805676253503e+01
-1.415058005676253572e+01
-1.415254205676253640e+01
-1.415450405676253709e+01
-1.415646605676253778e+01
-1.415842805676253846e+01
-1.416039005676253915e+01
-1.416235205676253983e+01
-1.416431405676254052e+01
-1.416627605676254120e+01
-1.416823805676254189e+01
-1.417020005676254257e+01
-1.417216205676254326e+01
-1.417412405676254394e+01
-1.417608605676254463e+01
-1.417804805676254531e+01
-1.418001005676254600e+01
-1.418197205676254669e+01
-1.418393405676254737e+01
-1.418589605676254806e+01
-1.418785805676254874e+01
-1.418982005676254943e+01
-1.419178205676255011e+01
-1.419374405676255080e+01
-1.419570605676255148e+01
-1.419766805676255217e+01
-1.419963005676255285e+01
-1.420159205676255354e+01
-1.420355405676255423e+01
-1.420551605676255491e+01
-1.420747805676255560e+01
-1.420944005676255628e+01
-1.421140205676255697e+01
-1.421336405676255765e+01
-1.421532605676255834e+01
-1.421728805676255902e+01
-1.421925005676255971e+01
-1.422121205676256039e+01
-1.422317405676256108e+01
-1.422513605676256176e+01
-1.422709805676256245e+01
-1.422906005676256314e+01
-1.423102205676256382e+01
-1.423298405676256451e+01
-1.423494605676256519e+01
-1.423690805676256588e+01
-1.423887005676256656e+01
-1.424083205676256725e+01
-1.424279405676256793e+01
-1.424475605676256862e+01
-1.424671805676256930e+01
-1.424868005676256999e+01
-1.425064205676257068e+01
-1.425260405676257136e+01
-1.425456605676257205e+01
-1.425652805676257273e+01
-1.425849005676257342e+01
-1.426045205676257410e+01
-1.426241405676257479e+01
-1.426437605676257547e+01
-1.426633805676257616e+01
-1.426830005676257684e+01
-1.427026205676257753e+01
-1.427222405676257821e+01
-1.427418605676257890e+01
-1.427614805676257959e+01
-1.427811005676258027e+01
-1.428007205676258096e+01
-1.428203405676258164e+01
-1.428399605676258233e+01
-1.428595805676258301e+01
-1.428792005676258370e+01
-1.428988205676258438e+01
-1.429184405676258507e+01
-1.429380605676258575e+01
-1.429576805676258644e+01
-1.429773005676258713e+01
-1.429969205676258781e+01
-1.430165405676258850e+01
-1.430361605676258918e+01
-1.430557805676258987e+01
-1.430754005676259055e+01
-1.430950205676259124e+01
-1.431146405676259192e+01
-1.431342605676259261e+01
-1.431538805676259329e+01
-1.431735005676259398e+01
-1.431931205676259466e+01
-1.432127405676259535e+01
-1.432323605676259604e+01
-1.432519805676259672e+01
-1.432716005676259741e+01
-1.432912205676259809e+01
-1.433108405676259878e+01
-1.433304605676259946e+01
-1.433500805676260015e+01
-1.433697005676260083e+01
-1.433893205676260152e+01
-1.434089405676260220e+01
-1.434285605676260289e+01
-1.434481805676260358e+01
-1.434678005676260426e+01
-1.434874205676260495e+01
-1.435070405676260563e+01
-1.435266605676260632e+01
-1.435462805676260700e+01
-1.435659005676260769e+01
-1.435855205676260837e+01
-1.436051405676260906e+01
-1.436247605676260974e+01
-1.436443805676261043e+01
-1.436640005676261111e+01
-1.436836205676261180e+01
-1.437032405676261249e+01
-1.437228605676261317e+01
-1.437424805676261386e+01
-1.437621005676261454e+01
-1.437817205676261523e+01
-1.438013405676261591e+01
-1.438209605676261660e+01
-1.438405805676261728e+01
-1.438602005676261797e+01
-1.438798205676261865e+01
-1.438994405676261934e+01
-1.439190605676262003e+01
-1.439386805676262071e+01
-1.439583005676262140e+01
-1.439779205676262208e+01
-1.439975405676262277e+01
-1.440171605676262345e+01
-1.440367805676262414e+01
-1.440564005676262482e+01
-1.440760205676262551e+01
-1.440956405676262619e+01
-1.441152605676262688e+01
-1.441348805676262756e+01
-1.441545005676262825e+01
-1.441741205676262894e+01
-1.441937405676262962e+01
-1.442133605676263031e+01
-1.442329805676263099e+01
-1.442526005676263168e+01
-1.442722205676263236e+01
-1.442918405676263305e+01
-1.443114605676263373e+01
-1.443310805676263442e+01
-1.443507005676263510e+01
-1.443703205676263579e+01
-1.443899405676263648e+01
-1.444095605676263716e+01
-1.444291805676263785e+01
-1.444488005676263853e+01
-1.444684205676263922e+01
-1.444880405676263990e+01
-1.445076605676264059e+01
-1.445272805676264127e+01
-1.445469005676264196e+01
-1.445665205676264264e+01
-1.445861405676264333e+01
-1.446057605676264401e+01
-1.446253805676264470e+01
-1.446450005676264539e+01
-1.446646205676264607e+01
-1.446842405676264676e+01
-1.447038605676264744e+01
-1.447234805676264813e+01
-1.447431005676264881e+01
-1.447627205676264950e+01
-1.447823405676265018e+01
-1.448019605676265087e+01
-1.448215805676265155e+01
-1.448412005676265224e+01
-1.448608205676265293e+01
-1.448804405676265361e+01
-1.449000605676265430e+01
-1.449196805676265498e+01
-1.449393005676265567e+01
-1.449589205676265635e+01
-1.449785405676265704e+01
-1.449981605676265772e+01
-1.450177805676265841e+01
-1.450374005676265909e+01
-1.450570205676265978e+01
-1.450766405676266046e+01
-1.450962605676266115e+01
-1.451158805676266184e+01
-1.451355005676266252e+01
-1.451551205676266321e+01
-1.451747405676266389e+01
-1.451943605676266458e+01
-1.452139805676266526e+01
-1.452336005676266595e+01
-1.452532205676266663e+01
-1.452728405676266732e+01
-1.452924605676266800e+01
-1.453120805676266869e+01
-1.453317005676266938e+01
-1.453513205676267006e+01
-1.453709405676267075e+01
-1.453905605676267143e+01
-1.454101805676267212e+01
-1.454298005676267280e+01
-1.454494205676267349e+01
-1.454690405676267417e+01
-1.454886605676267486e+01
-1.455082805676267554e+01
-1.455279005676267623e+01
-1.455475205676267692e+01
-1.455671405676267760e+01
-1.455867605676267829e+01
-1.456063805676267897e+01
-1.456260005676267966e+01
-1.456456205676268034e+01
-1.456652405676268103e+01
-1.456848605676268171e+01
-1.457044805676268240e+01
-1.457241005676268308e+01
-1.457437205676268377e+01
-1.457633405676268445e+01
-1.457829605676268514e+01
-1.458025805676268583e+01
-1.458222005676268651e+01
-1.458418205676268720e+01
-1.458614405676268788e+01
-1.458810605676268857e+01
-1.459006805676268925e+01
-1.459203005676268994e+01
-1.459399205676269062e+01
-1.459595405676269131e+01
-1.459791605676269199e+01
-1.459987805676269268e+01
-1.460184005676269337e+01
-1.460380205676269405e+01
-1.460576405676269474e+01
-1.460772605676269542e+01
-1.460968805676269611e+01
-1.461165005676269679e+01
-1.461361205676269748e+01
-1.461557405676269816e+01
-1.461753605676269885e+01
-1.461949805676269953e+01
-1.462146005676270022e+01
-1.462342205676270090e+01
-1.462538405676270159e+01
-1.462734605676270228e+01
-1.462930805676270296e+01
-1.463127005676270365e+01
-1.463323205676270433e+01
-1.463519405676270502e+01
-1.463715605676270570e+01
-1.463911805676270639e+01
-1.464108005676270707e+01
-1.464304205676270776e+01
-1.464500405676270844e+01
-1.464696605676270913e+01
-1.464892805676270982e+01
-1.465089005676271050e+01
-1.465285205676271119e+01
-1.465481405676271187e+01
-1.465677605676271256e+01
-1.465873805676271324e+01
-1.466070005676271393e+01
-1.466266205676271461e+01
-1.466462405676271530e+01
-1.466658605676271598e+01
-1.466854805676271667e+01
-1.467051005676271735e+01
-1.467247205676271804e+01
-1.467443405676271873e+01
-1.467639605676271941e+01
-1.467835805676272010e+01
-1.468032005676272078e+01
-1.468228205676272147e+01
-1.468424405676272215e+01
-1.468620605676272284e+01
-1.468816805676272352e+01
-1.469013005676272421e+01
-1.469209205676272489e+01
-1.469405405676272558e+01
-1.469601605676272627e+01
-1.469797805676272695e+01
-1.469994005676272764e+01
-1.470190205676272832e+01
-1.470386405676272901e+01
-1.470582605676272969e+01
-1.470778805676273038e+01
-1.470975005676273106e+01
-1.471171205676273175e+01
-1.471367405676273243e+01
-1.471563605676273312e+01
-1.471759805676273380e+01
-1.471956005676273449e+01
-1.472152205676273518e+01
-1.472348405676273586e+01
-1.472544605676273655e+01
-1.472740805676273723e+01
-1.472937005676273792e+01
-1.473133205676273860e+01
-1.473329405676273929e+01
-1.473525605676273997e+01
-1.473721805676274066e+01
-1.473918005676274134e+01
-1.474114205676274203e+01
-1.474310405676274272e+01
-1.474506605676274340e+01
-1.474702805676274409e+01
-1.474899005676274477e+01
-1.475095205676274546e+01
-1.475291405676274614e+01
-1.475487605676274683e+01
-1.475683805676274751e+01
-1.475880005676274820e+01
-1.476076205676274888e+01
-1.476272405676274957e+01
-1.476468605676275025e+01
-1.476664805676275094e+01
-1.476861005676275163e+01
-1.477057205676275231e+01
-1.477253405676275300e+01
-1.477449605676275368e+01
-1.477645805676275437e+01
-1.477842005676275505e+01
-1.478038205676275574e+01
-1.478234405676275642e+01
-1.478430605676275711e+01
-1.478626805676275779e+01
-1.478823005676275848e+01
-1.479019205676275917e+01
-1.479215405676275985e+01
-1.479411605676276054e+01
-1.479607805676276122e+01
-1.479804005676276191e+01
-1.480000205676276259e+01
-1.480196405676276328e+01
-1.480392605676276396e+01
-1.480588805676276465e+01
-1.480785005676276533e+01
-1.480981205676276602e+01
-1.481177405676276670e+01
-1.481373605676276739e+01
-1.481569805676276808e+01
-1.481766005676276876e+01
-1.481962205676276945e+01
-1.482158405676277013e+01
-1.482354605676277082e+01
-1.482550805676277150e+01
-1.482747005676277219e+01
-1.482943205676277287e+01
-1.483139405676277356e+01
-1.483335605676277424e+01
-1.483531805676277493e+01
-1.483728005676277562e+01
-1.483924205676277630e+01
-1.484120405676277699e+01
-1.484316605676277767e+01
-1.484512805676277836e+01
-1.484709005676277904e+01
-1.484905205676277973e+01
-1.485101405676278041e+01
-1.485297605676278110e+01
-1.485493805676278178e+01
-1.485690005676278247e+01
-1.485886205676278315e+01
-1.486082405676278384e+01
-1.486278605676278453e+01
-1.486474805676278521e+01
-1.486671005676278590e+01
-1.486867205676278658e+01
-1.487063405676278727e+01
-1.487259605676278795e+01
-1.487455805676278864e+01
-1.487652005676278932e+01
-1.487848205676279001e+01
-1.488044405676279069e+01
-1.488240605676279138e+01
-1.488436805676279207e+01
-1.488633005676279275e+01
-1.488829205676279344e+01
-1.489025405676279412e+01
-1.489221605676279481e+01
-1.489417805676279549e+01
-1.489614005676279618e+01
-1.489810205676279686e+01
-1.490006405676279755e+01
-1.490202605676279823e+01
-1.490398805676279892e+01
-1.490595005676279960e+01
-1.490791205676280029e+01
-1.490987405676280098e+01
-1.491183605676280166e+01
-1.491379805676280235e+01
-1.491576005676280303e+01
-1.491772205676280372e+01
-1.491968405676280440e+01
-1.492164605676280509e+01
-1.492360805676280577e+01
-1.492557005676280646e+01
-1.492753205676280714e+01
-1.492949405676280783e+01
-1.493145605676280852e+01
-1.493341805676280920e+01
-1.493538005676280989e+01
-1.493734205676281057e+01
-1.493930405676281126e+01
-1.494126605676281194e+01
-1.494322805676281263e+01
-1.494519005676281331e+01
-1.494715205676281400e+01
-1.494911405676281468e+01
-1.495107605676281537e+01
-1.495303805676281605e+01
-1.495500005676281674e+01
-1.495696205676281743e+01
-1.495892405676281811e+01
-1.496088605676281880e+01
-1.496284805676281948e+01
-1.496481005676282017e+01
-1.496677205676282085e+01
-1.496873405676282154e+01
