0.000000000000000000e+00
7.109349821280876911e-11
5.681306524083532920e-10
1.915351301412966357e-09
4.535115405273096216e-09
8.847862426178899914e-09
1.527205204665876629e-08
2.422408653873579458e-08
3.611821509988697434e-08
5.136642047511360445e-08
7.037828818917094765e-08
9.356085871897026183e-08
1.213184629433110629e-07
1.540525412153804796e-07
1.921614464128234760e-07
2.360402313305972030e-07
2.860804207932284281e-07
3.426697688754475040e-07
4.061920016334315325e-07
4.770265457630015526e-07
5.555482436160390165e-07
6.421270550220657949e-07
7.371277463783173793e-07
8.409095674886839542e-07
9.538259166495411478e-07
1.076223994498695909e-06
1.208444447162366394e-06
1.350820999254259272e-06
1.503680077300323304e-06
1.667340424182609295e-06
1.842112705215766755e-06
2.028299106490018788e-06
2.226192926134889075e-06
2.436078159178457486e-06
2.658229076697421343e-06
2.892909799973646526e-06
3.140373870393167612e-06
3.400863815843617336e-06
3.674610714385791369e-06
3.961833755994373127e-06
4.262739803181692313e-06
4.577522951336652121e-06
4.906364089628583797e-06
5.249430463342639387e-06
5.606875238529336950e-06
5.978837069865941201e-06
6.365439672641368255e-06
6.766791399789167877e-06
7.182984824904749446e-06
7.614096332193267835e-06
8.060185714303392786e-06
8.521295779009397075e-06
8.997451965709589111e-06
9.488661972712879875e-06
9.994915396287221417e-06
1.051618338244358297e-05
1.105241829242704788e-05
1.160355338288230747e-05
1.216950250165436491e-05
1.275015980017638550e-05
1.334539946338543855e-05
1.395507545809317461e-05
1.457902130072226612e-05
1.521704984530070308e-05
1.586895309258462268e-05
1.653450202115638035e-05
1.721344644131792072e-05
1.790551487257022309e-05
1.861041444543771903e-05
1.932783082836201369e-05
2.005742818035229346e-05
2.079884913004015608e-05
2.155171478174471220e-05
2.231562474910953083e-05
2.309015721682648248e-05
2.387486903091301215e-05
2.466929581795886738e-05
2.547295213370601445e-05
2.628533164127165155e-05
2.710590731926887953e-05
2.793413170002319190e-05
2.876943713802539832e-05
2.961123610870345201e-05
3.045892153753684055e-05
3.131186715947826274e-05
3.216942790858826594e-05
3.303094033772974777e-05
3.389572306811102821e-05
3.476307726840859621e-05
3.563228716314431100e-05
3.650262056993660128e-05
3.737332946519155455e-05
3.824365057774799112e-05
3.911280600994068284e-05
3.998000388549823969e-05
4.084443902364699638e-05
4.170529363874938476e-05
4.256173806476553511e-05
4.341293150378959341e-05
4.425802279787821142e-05
4.509615122335749543e-05
4.592644730676681542e-05
4.674803366157290549e-05
4.756002584476593512e-05
4.836153323243059561e-05
4.915165991336939660e-05
4.992950559984270963e-05
5.069416655448001901e-05
5.144473653240935296e-05
5.218030773764707682e-05
5.289997179278733004e-05
5.360282072102977194e-05
5.428794793958535849e-05
5.495444926350231160e-05
5.560142391895834564e-05
5.622797556506978998e-05
5.683321332327357901e-05
5.741625281334375322e-05
5.797621719510975900e-05
5.851223821494913450e-05
5.902345725613206080e-05
5.950902639209908657e-05
5.996810944175620732e-05
6.039988302587280197e-05
6.080353762366782073e-05
6.117827862866745013e-05
6.152332740291356422e-05
6.183792232859605046e-05
6.212131985617362162e-05
6.237279554803694392e-05
6.259164511675485406e-05
6.277718545692875709e-05
6.292875566966257763e-05
6.304571807863534828e-05
6.312745923674141545e-05
6.317339092223901037e-05
6.318295112332187203e-05
6.315560501000121879e-05
6.309084589215662061e-05
6.298819616258479295e-05
6.284720822384508407e-05
6.266746539767005628e-05
6.244858281567977317e-05
6.219020829010864367e-05
6.189202316322566053e-05
6.155374313410221301e-05
6.117511906135696109e-05
6.075593774048549279e-05
6.029602265436334352e-05
5.979523469549583855e-05
5.925347285857661839e-05
5.867067490191000563e-05
5.804681797625035205e-05
5.738191921961476445e-05
5.667603631663473515e-05
5.592926802102728031e-05
5.514175463978746006e-05
5.431367847773229589e-05
5.344526424106080248e-05
5.253677939863668066e-05
5.158853449974892607e-05
5.060088344716164786e-05
4.957422372432730934e-05
4.850899657570775705e-05
4.740568713922418677e-05
4.626482452994096971e-05
4.508698187417828492e-05
4.387277629334474725e-05
4.262286883688318922e-05
4.133796436383020668e-05
4.001881137260231304e-05
3.866620177873815993e-05
3.728097064044687210e-05
3.586399583193620501e-05
3.441619766462065754e-05
3.293853845643797488e-05
3.143202204963209216e-05
2.989769327749095568e-05
2.833663738065769435e-05
2.674997937376320394e-05
2.513888336325606048e-05
2.350455181743162368e-05
2.184822478978511517e-05
2.017117909693313943e-05
1.847472745246354849e-05
1.676021755818439443e-05
1.502903115434834881e-05
1.328258303052884180e-05
1.152231999891779292e-05
9.749719831901892364e-06
7.966290165854344611e-06
6.173567373151687274e-06
4.373115404490316116e-06
2.566524603634566065e-06
7.554104967773976923e-07
-1.058587441264202057e-06
-2.873807041764093959e-06
-4.688564715432413180e-06
-6.501156742095290044e-06
-8.309860574404090802e-06
-1.011293615326884439e-05
-1.190862723271765576e-05
-1.369516271189860340e-05
-1.547075797196254481e-05
-1.723361621559413485e-05
-1.898192980699388074e-05
-2.071388161015591420e-05
-2.242764632333379854e-05
-2.412139180763998381e-05
-2.579328040778281069e-05
-2.744147026300797142e-05
-2.906411660637856317e-05
-3.065937305059890838e-05
-3.222539285866173005e-05
-3.376033019767556669e-05
-3.526234137430909912e-05
-3.672958605037093165e-05
-3.816022843712686761e-05
-3.955243846704137843e-05
-4.090439294171551560e-05
-4.221427665487958720e-05
-4.348028348938478925e-05
-4.470061748722402734e-05
-4.587349389169720598e-05
-4.699714016092068180e-05
-4.806979695196374875e-05
-4.908971907497667030e-05
-5.005517641675493059e-05
-5.096445483326243162e-05
-5.181585701071248200e-05
-5.260770329487920896e-05
-5.333833248838335933e-05
-5.400610261576533597e-05
-5.460939165622437770e-05
-5.514659824396625065e-05
-5.561614233616228348e-05
-5.601646584858029928e-05
-5.634603325900259299e-05
-5.660333217859798944e-05
-5.678687389146362295e-05
-5.689519386259793443e-05
-5.692685221460924206e-05
-5.688043417350409245e-05
-5.675455048393660457e-05
-5.654783779433425928e-05
-5.625895901234683242e-05
-5.588660363109396867e-05
-5.542948802671279231e-05
-5.488635572773048482e-05
-5.425597765680756937e-05
-5.353715234541634452e-05
-5.272870612203498972e-05
-5.182949327445201388e-05
-5.083839618678742098e-05
-4.975432545184707691e-05
-4.857621995943442553e-05
-4.730304696125000398e-05
-4.593380211301346282e-05
-4.446750949444558149e-05
-4.290322160774890124e-05
-4.124001935522544871e-05
-3.947701199666830887e-05
-3.761333708716105474e-05
-3.564816039591490814e-05
-3.358067580676850442e-05
-3.141010520096896799e-05
-2.913569832284599537e-05
-2.675673262898280573e-05
-2.427251312147919255e-05
-2.168237216589261333e-05
-1.898566929443333017e-05
-1.618179099497917852e-05
-1.327015048646451856e-05
-1.025018748118662035e-05
-7.121367934560923910e-06
-3.883183782844576739e-06
-5.351526693353252211e-07
2.923182340459725986e-06
6.492253054203673133e-06
1.017246645818872878e-05
1.396420503241844751e-05
1.786782707487021709e-05
2.188366703450794773e-05
2.601203585262789469e-05
3.025322131213345142e-05
3.460748839434766498e-05
3.907507964298493681e-05
4.365621553491604956e-05
4.835109485737318889e-05
5.315989509125387352e-05
5.808277280019502278e-05
6.311986402510022227e-05
6.827128468381512031e-05
7.353713097565733273e-05
7.891747979051869262e-05
8.441238912226860453e-05
9.002189848619813215e-05
9.574602934025521568e-05
1.015847855098313832e-04
1.075381536158706472e-04
1.136061035060809945e-04
1.197885886890382980e-04
1.260855467709817994e-04
1.324968998951093168e-04
1.390225551831887672e-04
1.456624051793115049e-04
1.524163282956203698e-04
1.592841892598540062e-04
1.662658395645560548e-04
1.733611179178051276e-04
1.805698506953291199e-04
1.878918523938732932e-04
1.953269260856990187e-04
2.028748638740954908e-04
2.105354473497934691e-04
2.183084480481753680e-04
2.261936279071817557e-04
2.341907397258195041e-04
2.422995276231820619e-04
2.505197274978968763e-04
2.588510674879198128e-04
2.672932684306005458e-04
2.758460443229473319e-04
2.845091027820231908e-04
2.932821455054097654e-04
3.021648687316778512e-04
3.111569637008077265e-04
3.202581171145052366e-04
3.294680115963622953e-04
3.387863261518136646e-04
3.482127366278444758e-04
3.577469161724047462e-04
3.673885356934903398e-04
3.771372643178511259e-04
3.869927698492897422e-04
3.969547192265152936e-04
4.070227789805190262e-04
4.171966156914396666e-04
4.274758964448876911e-04
4.378602892876994122e-04
4.483494636830923151e-04
4.589430909651945377e-04
4.696408447929219872e-04
4.804424016031771244e-04
4.913474410633445356e-04
5.023556465230589498e-04
5.134667054652208200e-04
5.246803099562359412e-04
5.359961570954558481e-04
5.474139494637947616e-04
5.589333955714996657e-04
5.705542103050499853e-04
5.822761153731631240e-04
5.940988397518812483e-04
6.060221201287156832e-04
6.180457013458234405e-04
6.301693368421904017e-04
6.423927890947962174e-04
6.547158300587328436e-04
6.671382416062509105e-04
6.796598159647050837e-04
6.922803561533691450e-04
7.049996764190917357e-04
7.178176026707615374e-04
7.307339729125496893e-04
7.437486376758972425e-04
7.568614604502126291e-04
7.700723181122443462e-04
7.833811013540923143e-04
7.967877151098190979e-04
8.102920789806228232e-04
8.238941276585298344e-04
8.375938113485658894e-04
8.513910961893616592e-04
8.652859646721465601e-04
8.792784160580853839e-04
8.933684667939074172e-04
9.075561509257793705e-04
9.218415205113683402e-04
9.362246460300425446e-04
9.507056167911526971e-04
9.652845413403376377e-04
9.799615478637937246e-04
9.947367845904474867e-04
1.009610420191966920e-03
1.024582644180547673e-03
1.039653667304404634e-03
1.054823721940901680e-03
1.070093062487245455e-03
1.085461965748671593e-03
1.100930731324045774e-03
1.116499681988802417e-03
1.132169164075140337e-03
1.147939547849392969e-03
1.163811227886487731e-03
1.179784623441407785e-03
1.195860178817566418e-03
1.212038363732003418e-03
1.228319673677307367e-03
1.244704630280168891e-03
1.261193781656465762e-03
1.277787702762777722e-03
1.294486995744229766e-03
1.311292290278554375e-03
1.328204243916268840e-03
1.345223542416852528e-03
1.362350900080814371e-03
1.379587060077533921e-03
1.396932794768757785e-03
1.414388906027632623e-03
1.431956225553150663e-03
1.449635615179884797e-03
1.467427967182885311e-03
1.485334204577609457e-03
1.503355281414751150e-03
1.521492183069840260e-03
1.539745926527472499e-03
1.558117560660034163e-03
1.576608166500781437e-03
1.595218857511132007e-03
1.613950779842026955e-03
1.632805112589214187e-03
1.651783068042310485e-03
1.670885891927489323e-03
1.690114863643645254e-03
1.709471296491884380e-03
1.728956537898183486e-03
1.748571969629067338e-03
1.768319008000143700e-03
1.788199104077342529e-03
1.808213743870697816e-03
1.828364448520514640e-03
1.848652774475760974e-03
1.869080313664522484e-03
1.889648693656361149e-03
1.910359577816413568e-03
1.931214665451068705e-03
1.952215691945062429e-03
1.973364428889826886e-03
1.994662684202932936e-03
2.016112302238463883e-03
2.037715163888161561e-03
2.059473186673180418e-03
2.081388324826295624e-03
2.103462569364402367e-03
2.125697948151152386e-03
2.148096525949571602e-03
2.170660404464501425e-03
2.193391722374718900e-03
2.216292655354576945e-03
2.239365416085023746e-03
2.262612254253850395e-03
2.286035456545027107e-03
2.309637346616987084e-03
2.333420285069716642e-03
2.357386669400523670e-03
2.381538933948348230e-03
2.405879549826489116e-03
2.430411024843622328e-03
2.455135903412990900e-03
2.480056766449650289e-03
2.505176231255656569e-03
2.530496951393087710e-03
2.556021616544798189e-03
2.581752952362802427e-03
2.607693720304196400e-03
2.633846717454525928e-03
2.660214776338516197e-03
2.686800764718081866e-03
2.713607585377543138e-03
2.740638175895975838e-03
2.767895508406630414e-03
2.795382589343359606e-03
2.823102459173997946e-03
2.851058192120642376e-03
2.879252895866786684e-03
2.907689711251271181e-03
2.936371811949006413e-03
2.965302404138441417e-03
2.994484726155745725e-03
3.023922048135683875e-03
3.053617671639156841e-03
3.083574929267398658e-03
3.113797184262809617e-03
3.144287830096416901e-03
3.175050290041953136e-03
3.206088016736546344e-03
3.237404491728014359e-03
3.269003225008761983e-03
3.300887754536271316e-03
3.333061645740187460e-03
3.365528491015986560e-03
3.398291909205227064e-03
3.431355545062364683e-03
3.464723068708128444e-03
3.498398175069430960e-03
3.532384583305795116e-03
3.566686036222268576e-03
3.601306299668785744e-03
3.636249161925936019e-03
3.671518433077080191e-03
3.707117944366751256e-03
3.743051547545257242e-03
3.779323114199397999e-03
3.815936535069180176e-03
3.852895719350410246e-03
3.890204593983015088e-03
3.927867102924926211e-03
3.965887206411332876e-03
4.004268880199096832e-03
4.043016114796072792e-03
4.082132914675072263e-03
4.121623297472160226e-03
4.161491293168942049e-03
4.201740943258464207e-03
4.242376299894307264e-03
4.283401425022407075e-03
4.324820389495091615e-03
4.366637272166774830e-03
4.408856158970683899e-03
4.451481141975949414e-03
4.494516318424319513e-03
4.537965789745691293e-03
4.581833660551586085e-03
4.626124037605612756e-03
4.670841028769886875e-03
4.715988741926286851e-03
4.761571283871327519e-03
4.807592759183346685e-03
4.854057269060585607e-03
4.900968910128630784e-03
4.948331773215574290e-03
4.996149942093118003e-03
5.044427492181714420e-03
5.093168489217687542e-03
5.142376987880136786e-03
5.192057030375256052e-03
5.242212644975529148e-03
5.292847844511085892e-03
5.343966624810304530e-03
5.395572963086536257e-03
5.447670816267618545e-03
5.500264119264607239e-03
5.553356783175899744e-03
5.606952693422681371e-03
5.661055707811323348e-03
5.715669654518081705e-03
5.770798329991129634e-03
5.826445496764610758e-03
5.882614881179061561e-03
5.939310171002161812e-03
5.996535012943377159e-03
6.054293010055635665e-03
6.112587719016726422e-03
6.171422647282626128e-03
6.230801250104458198e-03
6.290726927400250301e-03
6.351203020472078603e-03
6.412232808558584150e-03
6.473819505212207587e-03
6.535966254489804055e-03
6.598676126944577613e-03
6.661952115406517307e-03
6.725797130537704283e-03
6.790213996147999830e-03
6.855205444255739466e-03
6.920774109877083323e-03
6.986922525526679043e-03
7.053653115411239599e-03
7.120968189296509113e-03
7.188869936026920544e-03
7.257360416676036582e-03
7.326441557304544903e-03
7.396115141301257134e-03
7.466382801281140104e-03
7.537246010512944731e-03
7.608706073847485221e-03
7.680764118116033094e-03
7.753421081966690304e-03
7.826677705104921265e-03
7.900534516902741819e-03
7.974991824339333624e-03
8.050049699234127290e-03
8.125707964731648109e-03
8.201966180995739000e-03
8.278823630069090042e-03
8.356279299852432257e-03
8.434331867156266704e-03
8.512979679776671096e-03
8.592220737545596884e-03
8.672052672305172877e-03
8.752472726754981572e-03
8.833477732121090484e-03
8.915064084595938215e-03
8.997227720499084008e-03
9.079964090110416788e-03
9.163268130129902100e-03
9.247134234721392232e-03
9.331556225102661736e-03
9.416527317649876078e-03
9.502040090492356456e-03
9.588086448583022295e-03
9.674657587241607473e-03
9.761743954181946806e-03
9.849335210051638270e-03
9.937420187532694862e-03
1.002598684907570099e-02
1.011502224336801106e-02
1.020451246066911809e-02
1.029444258718398113e-02
1.038479665868831912e-02
1.047555761366911545e-02
1.056670724629940605e-02
1.065822615962909621e-02
1.075009371944359374e-02
1.084228800931951765e-02
1.093478578749179642e-02
1.102756244623893239e-02
1.112059197459259324e-02
1.121384692528324886e-02
1.130729838694405007e-02
1.140091596270870200e-02
1.149466775645346071e-02
1.158852036804536127e-02
1.168243889906444254e-02
1.177638697056243577e-02
1.187032675449823348e-02
1.196421902054502218e-02
1.205802319998763687e-02
1.215169746841338397e-02
1.224519884883645826e-02
1.233848333677633850e-02
1.243150604862540247e-02
1.252422139438284093e-02
1.261658327549421491e-02
1.270854530811508024e-02
1.280006107161194701e-02
1.289108438152812043e-02
1.298156958558381417e-02
1.307147188056330747e-02
1.316074764718681324e-02
1.324935479929691129e-02
1.333725314294038553e-02
1.342440474023191138e-02
1.351077427228485409e-02
1.359632939502561366e-02
1.368104108140847860e-02
1.376488394344935022e-02
1.384783652762266483e-02
1.392988157752860987e-02
1.401100625833674382e-02
1.409120233833227945e-02
1.417046632390321637e-02
1.424879954546744328e-02
1.432620819309548058e-02
1.440270330187581188e-02
1.447830068833173139e-02
1.455302084036849686e-02
1.462688876424994566e-02
1.469993379292642253e-02
1.477218936062439821e-02
1.484369274893926512e-02
1.491448480973653692e-02
1.498460966996545060e-02
1.505411442303516978e-02
1.512304881071750186e-02
1.519146489864515656e-02
1.525941674739645856e-02
1.532696007991924715e-02
1.539415194466783876e-02
1.546105037232127846e-02
1.552771402232698376e-02
1.559420181377558882e-02
1.566057253326355592e-02
1.572688441044876179e-02
1.579319464997461925e-02
1.585955890638506699e-02
1.592603068668504290e-02
1.599266066351634485e-02
1.605949588085387597e-02
1.612657883422655147e-02
1.619394640957608905e-02
1.626162867024610881e-02
1.632964749204417199e-02
1.639801506428319872e-02
1.646673230327038231e-02
1.653578726735221646e-02
1.660515372248051735e-02
1.667479008554303629e-02
1.674463906584405457e-02
1.681462842052157750e-02
1.688467331052669398e-02
1.695468074515309523e-02
1.702455647412557532e-02
1.709421436520302748e-02
1.716358776309157702e-02
1.723264161378875933e-02
1.730138342833081530e-02
1.736987072955868683e-02
1.743821276260903302e-02
1.750656508702612066e-02
1.757511704836571195e-02
1.764407361745376143e-02
1.771363417557336381e-02
1.778397118931144757e-02
1.785521137067872313e-02
1.792742114709502607e-02
1.800059744748188847e-02
1.807466421542756191e-02
1.814947476443946536e-02
1.822481999228527799e-02
1.830044236778866767e-02
1.837605528228500665e-02
1.845136669522319528e-02
1.852610504996981752e-02
1.860004446017402349e-02
1.867302559715525168e-02
1.874496894656442481e-02
1.881587827811305111e-02
1.888583399990606190e-02
1.895497794385641102e-02
1.902349243290223091e-02
1.909157689797937041e-02
1.915942494491682663e-02
1.922720401905464449e-02
1.929503914604504752e-02
1.936300197864235934e-02
1.943110664362840412e-02
1.949931442786108707e-02
1.956754953080869566e-02
1.963572692906826594e-02
1.970378989634311365e-02
1.977174910613391581e-02
1.983971005394897374e-02
1.990787514063884628e-02
1.997651394294680874e-02
2.004590734706874697e-02
2.011628123109130209e-02
2.018774775277470263e-02
2.026026771844852484e-02
2.033364085992740017e-02
2.040752586313369227e-02
2.048148853737254485e-02
2.055507209873017049e-02
2.062787686840642301e-02
2.069963027735233912e-02
2.077022735020402078e-02
2.083973024058714124e-02
2.090832974317774137e-02
2.097628391697420672e-02
2.104385304459338232e-02
2.111124688112703957e-02
2.117859464761462016e-02
2.124594435906695944e-02
2.131329487337128153e-02
2.138065638744782171e-02
2.144811948960156922e-02
2.151589655646530055e-02
2.158430102566490788e-02
2.165366004151328752e-02
2.172419485970934414e-02
2.179591962557208412e-02
2.186859637208099852e-02
2.194176180611167801e-02
2.201482319978151012e-02
2.208720172766905424e-02
2.215847822466271433e-02
2.222848439859233596e-02
2.229730328343688603e-02
2.236518928140103155e-02
2.243245503056323642e-02
2.249937644243327900e-02
2.256614920350040465e-02
2.263290910163502645e-02
2.269980524843968547e-02
2.276708093052103379e-02
2.283508992039039523e-02
2.290420319621618364e-02
2.297464234570584934e-02
2.304633376539737613e-02
2.311886261003505763e-02
2.319155544515945008e-02
2.326367308203635895e-02
2.333464248744384489e-02
2.340421658654839518e-02
2.347248296968820064e-02
2.353974401090565272e-02
2.360636618104952969e-02
2.367268803196225652e-02
2.373902131307445429e-02
2.380571722876051802e-02
2.387320883638303567e-02
2.394193222446183711e-02
2.401213103149005615e-02
2.408367073288652377e-02
2.415599254056930573e-02
2.422825442042958119e-02
2.429961816252440218e-02
2.436954612921455113e-02
2.443793555143315699e-02
2.450504018382004823e-02
2.457129820820776536e-02
2.463721297605174151e-02
2.470333222318968694e-02
2.477025345657266758e-02
2.483853055833021295e-02
2.490845211498248640e-02
2.497983213542034550e-02
2.505197898982006871e-02
2.512389778601396839e-02
2.519466112743144054e-02
2.526375384698665780e-02
2.533118436490671213e-02
2.539736985741547493e-02
2.546297773649713533e-02
2.552882365888915414e-02
2.559574918779958935e-02
2.566437545027750247e-02
2.573481297030720885e-02
2.580653751777119490e-02
2.587853041551700303e-02
2.594964513193421043e-02
2.601905634396143446e-02
2.608654475265637790e-02
2.615250629482738370e-02
2.621781593163797358e-02
2.628362437352258982e-02
2.635099228638297653e-02
2.642041841753894893e-02
2.649159161705086363e-02
2.656352072474260639e-02
2.663490696106103964e-02
2.670463178935007093e-02
2.677220123103527666e-02
2.683795552644939811e-02
2.690301232511323887e-02
2.696890275550429053e-02
2.703683292447581557e-02
2.710701456258524100e-02
2.717865057022444270e-02
2.725037982444018445e-02
2.732077764035089479e-02
2.738889503263721575e-02
2.745476685166136840e-02
2.751960216056997463e-02
2.758532943707016349e-02
2.765341202968526341e-02
2.772389969915119851e-02
2.779566254021930555e-02
2.786710657342822070e-02
2.793669977190429629e-02
2.800362787610423398e-02
2.806853379074433774e-02
2.813352309704141366e-02
2.820077775085748362e-02
2.827081579187071952e-02
2.834248415083821804e-02
2.841402619605038968e-02
2.848367634068894524e-02
2.855038902634601111e-02
2.861498901148953194e-02
2.868016000166257601e-02
2.874820755870167305e-02
2.881902097078776689e-02
2.889088110115178507e-02
2.896177394915593756e-02
2.902988080054938469e-02
2.909494439107300837e-02
2.915943938408069314e-02
2.922661017141155171e-02
2.929704010362430000e-02
2.936891958208732306e-02
2.944001614504056230e-02
2.950818882819780664e-02
2.957303235317225096e-02
2.963755740710989975e-02
2.970534348705444055e-02
2.977637299246203850e-02
2.984832525102425888e-02
2.991869614290222981e-02
2.998536306400133647e-02
3.004938885189043993e-02
3.011529208151714557e-02
3.018524869304543487e-02
3.025723431685367962e-02
3.032847528836836448e-02
3.039621585101828435e-02
3.046035625447304773e-02
3.052564493933870512e-02
3.059533146488644176e-02
3.066739175905148704e-02
3.073872566457172550e-02
3.080623423432774302e-02
3.087010899357953489e-02
3.093601946632034208e-02
3.100658265463598559e-02
3.107887140456291192e-02
3.114942562399553375e-02
3.121522486913871214e-02
3.127908666241514812e-02
3.134732988267498188e-02
3.141935186259697116e-02
3.149127482109266574e-02
3.155915756191880750e-02
3.162281310858175432e-02
3.168940957519017498e-02
3.176098184638619093e-02
3.183340231912136498e-02
3.190228795182349641e-02
3.196608811607240530e-02
3.203225302126600643e-02
3.210387729014332892e-02
3.217646645687718271e-02
3.224513424549510510e-02
3.230869765864498311e-02
3.237577351344687188e-02
3.244811906953808806e-02
3.252047298011073728e-02
3.258748522191851071e-02
3.265109072592038697e-02
3.272060973004555645e-02
3.279378399031190189e-02
3.286458518993767147e-02
3.292879473718287459e-02
3.299490842673211827e-02
3.306745255981452525e-02
3.314021832858019684e-02
3.320673386106366004e-02
3.327088709250399651e-02
3.334226970667569095e-02
3.341584647009659265e-02
3.348413037493985778e-02
3.354767806581985395e-02
3.361830231642271710e-02
3.369226379009734179e-02
3.376118323754053602e-02
3.382469236662431766e-02
3.389555511094227008e-02
3.396976595741468818e-02
3.403805720930591638e-02
3.410196942056761132e-02
3.417417345392342876e-02
3.424826487068225594e-02
3.431456219236456162e-02
3.438023178696568427e-02
3.445440582516446498e-02
3.452702467137792885e-02
3.459094084943345471e-02
3.466070688701295560e-02
3.473608760847828741e-02
3.480443640622304935e-02
3.486943872202046685e-02
3.494404518180569547e-02
3.501699543266963838e-02
3.508091210858363396e-02
3.515269624640888352e-02
3.522834114021730634e-02
3.529405663449747266e-02
3.536290912662186370e-02
3.543968895226320276e-02
3.550764657822197412e-02
3.557467502029282996e-02
3.565178621765092287e-02
3.572114964499439882e-02
3.578753429207602588e-02
3.586494570356807410e-02
3.593453407985989362e-02
3.600120698725672169e-02
3.607927749340470586e-02
3.614783096733303891e-02
3.621574179153519424e-02
3.629450316781265840e-02
3.636118006594315361e-02
3.643176695566941597e-02
3.650964299094907467e-02
3.657536959629646700e-02
3.665103206294216542e-02
3.672409045013273754e-02
3.679136829522838131e-02
3.687237786861820299e-02
3.693966203144113947e-02
3.701152420126456455e-02
3.708762432052967184e-02
3.715576587175795087e-02
3.723852185790904601e-02
3.730599122690225755e-02
3.737931476248280288e-02
3.745100015834611912e-02
3.751988319138670203e-02
3.760291565761536559e-02
3.767425499859496790e-02
3.776042373967006260e-02
3.782901069566756147e-02
3.790571110321982323e-02
3.796858377453581068e-02
3.803390486020320760e-02
3.809405123230279189e-02
3.815444123523099862e-02
3.821680161850823931e-02
3.827887997597263087e-02
3.834655959854862961e-02
3.841399764660048677e-02
3.848758349720697580e-02
3.856119114388870811e-02
3.863876807113048040e-02
3.871645082309441849e-02
3.879325258136428339e-02
3.886994100210211522e-02
3.893898264926061448e-02
3.900867075763678193e-02
3.906505174038928802e-02
3.912709479119999556e-02
3.917752955882027044e-02
3.924119171226100877e-02
3.930364566992128328e-02
3.937385922322869658e-02
3.944350757757667664e-02
3.950281720671281610e-02
3.956737937411469036e-02
3.962851191608754431e-02
3.969532663572736264e-02
3.976066467787220393e-02
3.981962701108640590e-02
3.988391967112754621e-02
3.994889218723832874e-02
4.001294371415228812e-02
4.007713443889840410e-02
4.014082887507827713e-02
4.021296470751554997e-02
4.027169211245447411e-02
4.033208996723003370e-02
4.039656623886302145e-02
4.046410586358650807e-02
4.050576771797131242e-02
4.055445828771712946e-02
4.059880305227194647e-02
4.069194066664618553e-02
4.073174133084062759e-02
4.071953836123222426e-02
4.072525174757590100e-02
4.071679505784200903e-02
4.067901062620495750e-02
4.068619985849313003e-02
4.078677879821736296e-02
4.096765620867139079e-02
4.119224801187484908e-02
4.148665403498891929e-02
4.201421930756024659e-02
4.271113764299712401e-02
4.329435983972406560e-02
4.387142225377088645e-02
4.445456557774087741e-02
4.381130302775564089e-02
4.404619906485770370e-02
4.439420429944677948e-02
4.336321342215496144e-02
4.111881548585548385e-02
3.867791714417565668e-02
3.602990350500748229e-02
3.327298881449786833e-02
3.053605341671367795e-02
2.783443178115879713e-02
2.510113852332981899e-02
2.240654912758942643e-02
1.972666667425652942e-02
1.705383233936004841e-02
1.438451445619577836e-02
1.171637290416562699e-02
9.048722014530229812e-03
6.381251289356227457e-03
3.713849708203734775e-03
1.046474234872041883e-03
-1.620891798292650472e-03
-4.288254874167111118e-03
-6.955617218807088643e-03
-9.622979837217411972e-03
-1.229034282708598054e-02
-1.495770631149180921e-02
-1.762507015087337245e-02
-2.029243433224860171e-02
-2.295979874425125439e-02
-2.562716336278870327e-02
-2.829452811997568151e-02
-3.096189299838778344e-02
-3.362925795899679438e-02
-3.629662299086686139e-02
-3.896398807173684364e-02
-4.163135319496445025e-02
-4.429871834774547212e-02
-4.696608352604583064e-02
-4.963344872240123967e-02
-5.230081393433244630e-02
-5.496817915742668176e-02
-5.763554439013519187e-02
-6.030290962981614544e-02
-6.297027487548481628e-02
-6.563764012554348937e-02
-6.830500537935486893e-02
-7.097237063594596940e-02
-7.363973589489716809e-02
-7.630710115561406548e-02
-7.897446641781577514e-02
-8.164183168113978151e-02
-8.430919694539504294e-02
-8.697656221036219326e-02
-8.964392747590928245e-02
-9.231129274190573442e-02
-9.497865800825902594e-02
-9.764602327489374511e-02
-1.003133885417440557e-01
-1.029807538087686991e-01
-1.056481190759201161e-01
-1.083154843431780173e-01
-1.109828496105075418e-01
-1.136502148779010568e-01
-1.163175801453325969e-01
-1.189849454128019401e-01
-1.216523106802894633e-01
-1.243196759477990798e-01
-1.269870412153157047e-01
-1.296544064828453469e-01
-1.323217717503762381e-01
-1.349891370179151784e-01
-1.376565022854528697e-01
-1.403238675529961677e-01
-1.429912328205376060e-01
-1.456585980880837072e-01
-1.483259633556283652e-01
-1.509933286231775196e-01
-1.536606938907261466e-01
-1.563280591582795198e-01
-1.589954244258334204e-01
-1.616627896933924280e-01
-1.643301549609530177e-01
-1.669975202285190752e-01
-1.696648854960876029e-01
-1.723322507636619039e-01
-1.749996160312393967e-01
-1.776669812988228014e-01
-1.803343465664099254e-01
-1.830017118340030169e-01
-1.856690771016001884e-01
-1.883364423692032441e-01
-1.910038076368105187e-01
-1.936711729044235109e-01
-1.963385381720407774e-01
-1.990059034396634841e-01
-2.016732687072904096e-01
-2.043406339749224421e-01
-2.070079992425585269e-01
-2.096753645101993579e-01
-2.123427297778439915e-01
-2.150100950454929827e-01
-2.176774603131454988e-01
-2.203448255808019562e-01
-2.230121908484616611e-01
-2.256795561161248909e-01
-2.283469213837910627e-01
-2.310142866514603432e-01
-2.336816519191322328e-01
-2.363490171868068701e-01
-2.390163824544838111e-01
-2.416837477221631392e-01
-2.443511129898444934e-01
-2.470184782575278737e-01
-2.496858435252130026e-01
-2.523532087928998524e-01
-2.550205740605882010e-01
-2.576879393282779929e-01
-2.603553045959690615e-01
-2.630226698636613514e-01
-2.656900351313546405e-01
-2.683574003990489287e-01
-2.710247656667441052e-01
-2.736921309344400588e-01
-2.763594962021367341e-01
-2.790268614698340754e-01
-2.816942267375319719e-01
-2.843615920052303681e-01
-2.870289572729292082e-01
-2.896963225406284370e-01
-2.923636878083279989e-01
-2.950310530760278382e-01
-2.976984183437279552e-01
-3.003657836114282942e-01
-3.030331488791288552e-01
-3.057005141468295828e-01
-3.083678794145304214e-01
-3.110352446822313710e-01
-3.137026099499324316e-01
-3.163699752176336033e-01
-3.190373404853348305e-01
-3.217047057530361132e-01
-3.243720710207374514e-01
-3.270394362884387895e-01
-3.297068015561401833e-01
-3.323741668238415770e-01
-3.350415320915430262e-01
-3.377088973592444754e-01
-3.403762626269459801e-01
-3.430436278946474848e-01
-3.457109931623489896e-01
-3.483783584300504943e-01
-3.510457236977520545e-01
-3.537130889654536148e-01
-3.563804542331552305e-01
-3.590478195008568463e-01
-3.617151847685584620e-01
-3.643825500362601333e-01
-3.670499153039618045e-01
-3.697172805716635313e-01
-3.723846458393653136e-01
-3.750520111070670959e-01
-3.777193763747689337e-01
-3.803867416424707715e-01
-3.830541069101726648e-01
-3.857214721778746136e-01
-3.883888374455766179e-01
-3.910562027132786223e-01
-3.937235679809806821e-01
-3.963909332486827974e-01
-3.990582985163849683e-01
-4.017256637840871947e-01
-4.043930290517894766e-01
-4.070603943194918140e-01
-4.097277595871942069e-01
-4.123951248548965998e-01
-4.150624901225990482e-01
-4.177298553903015521e-01
-4.203972206580041115e-01
-4.230645859257067265e-01
-4.257319511934093970e-01
-4.283993164611120674e-01
-4.310666817288147934e-01
-4.337340469965175749e-01
-4.364014122642204119e-01
-4.390687775319232489e-01
-4.417361427996261414e-01
-4.444035080673290339e-01
-4.470708733350319819e-01
-4.497382386027349854e-01
-4.524056038704379890e-01
-4.550729691381410480e-01
-4.577403344058441070e-01
-4.604076996735472216e-01
-4.630750649412503361e-01
-4.657424302089534507e-01
-4.684097954766566207e-01
-4.710771607443597908e-01
-4.737445260120629609e-01
-4.764118912797661864e-01
-4.790792565474694120e-01
-4.817466218151726376e-01
-4.844139870828759187e-01
-4.870813523505791998e-01
-4.897487176182824808e-01
-4.924160828859857619e-01
-4.950834481536890430e-01
-4.977508134213923241e-01
-5.004181786890956607e-01
-5.030855439567989418e-01
-5.057529092245022229e-01
-5.084202744922055039e-01
-5.110876397599087850e-01
-5.137550050276120661e-01
-5.164223702953153472e-01
-5.190897355630186283e-01
-5.217571008307220204e-01
-5.244244660984254125e-01
-5.270918313661288046e-01
-5.297591966338321967e-01
-5.324265619015355888e-01
-5.350939271692389809e-01
-5.377612924369423730e-01
-5.404286577046457651e-01
-5.430960229723491572e-01
-5.457633882400525493e-01
-5.484307535077559415e-01
-5.510981187754593336e-01
-5.537654840431627257e-01
-5.564328493108661178e-01
-5.591002145785695099e-01
-5.617675798462729020e-01
-5.644349451139762941e-01
-5.671023103816796862e-01
-5.697696756493830783e-01
-5.724370409170864704e-01
-5.751044061847898625e-01
-5.777717714524932546e-01
-5.804391367201966467e-01
-5.831065019879000388e-01
-5.857738672556034309e-01
-5.884412325233068231e-01
-5.911085977910102152e-01
-5.937759630587136073e-01
-5.964433283264169994e-01
-5.991106935941203915e-01
-6.017780588618237836e-01
-6.044454241295271757e-01
-6.071127893972305678e-01
-6.097801546649339599e-01
-6.124475199326373520e-01
-6.151148852003407441e-01
-6.177822504680441362e-01
-6.204496157357475283e-01
-6.231169810034509204e-01
-6.257843462711543125e-01
-6.284517115388577047e-01
-6.311190768065610968e-01
-6.337864420742644889e-01
-6.364538073419678810e-01
-6.391211726096712731e-01
-6.417885378773746652e-01
-6.444559031450780573e-01
-6.471232684127814494e-01
-6.497906336804848415e-01
-6.524579989481882336e-01
-6.551253642158916257e-01
-6.577927294835950178e-01
-6.604600947512984099e-01
-6.631274600190018020e-01
-6.657948252867051941e-01
-6.684621905544085863e-01
-6.711295558221119784e-01
-6.737969210898153705e-01
-6.764642863575187626e-01
-6.791316516252222657e-01
-6.817990168929257688e-01
-6.844663821606292720e-01
-6.871337474283327751e-01
-6.898011126960362782e-01
-6.924684779637397813e-01
-6.951358432314432845e-01
-6.978032084991467876e-01
-7.004705737668502907e-01
-7.031379390345537939e-01
-7.058053043022572970e-01
-7.084726695699608001e-01
-7.111400348376643032e-01
-7.138074001053678064e-01
-7.164747653730713095e-01
-7.191421306407748126e-01
-7.218094959084783158e-01
-7.244768611761818189e-01
-7.271442264438853220e-01
-7.298115917115888251e-01
-7.324789569792923283e-01
-7.351463222469958314e-01
-7.378136875146993345e-01
-7.404810527824028377e-01
-7.431484180501063408e-01
-7.458157833178098439e-01
-7.484831485855133471e-01
-7.511505138532168502e-01
-7.538178791209203533e-01
-7.564852443886238564e-01
-7.591526096563273596e-01
-7.618199749240308627e-01
-7.644873401917343658e-01
-7.671547054594378690e-01
-7.698220707271413721e-01
-7.724894359948448752e-01
-7.751568012625483783e-01
-7.778241665302518815e-01
-7.804915317979553846e-01
-7.831588970656588877e-01
-7.858262623333623909e-01
-7.884936276010658940e-01
-7.911609928687693971e-01
-7.938283581364729002e-01
-7.964957234041764034e-01
-7.991630886718799065e-01
-8.018304539395834096e-01
-8.044978192072869128e-01
-8.071651844749904159e-01
-8.098325497426939190e-01
-8.124999150103974221e-01
-8.151672802781009253e-01
-8.178346455458044284e-01
-8.205020108135079315e-01
-8.231693760812114347e-01
-8.258367413489149378e-01
-8.285041066166184409e-01
-8.311714718843219440e-01
-8.338388371520254472e-01
-8.365062024197289503e-01
-8.391735676874324534e-01
-8.418409329551359566e-01
-8.445082982228394597e-01
-8.471756634905429628e-01
-8.498430287582464659e-01
-8.525103940259499691e-01
-8.551777592936534722e-01
-8.578451245613569753e-01
-8.605124898290604785e-01
-8.631798550967639816e-01
-8.658472203644674847e-01
-8.685145856321709879e-01
-8.711819508998744910e-01
-8.738493161675779941e-01
-8.765166814352814972e-01
-8.791840467029850004e-01
-8.818514119706885035e-01
-8.845187772383920066e-01
-8.871861425060955098e-01
-8.898535077737990129e-01
-8.925208730415025160e-01
-8.951882383092060191e-01
-8.978556035769095223e-01
-9.005229688446130254e-01
-9.031903341123165285e-01
-9.058576993800200317e-01
-9.085250646477235348e-01
-9.111924299154270379e-01
-9.138597951831305410e-01
-9.165271604508340442e-01
-9.191945257185375473e-01
-9.218618909862410504e-01
-9.245292562539445536e-01
-9.271966215216480567e-01
-9.298639867893515598e-01
-9.325313520570550629e-01
-9.351987173247585661e-01
-9.378660825924620692e-01
-9.405334478601655723e-01
-9.432008131278690755e-01
-9.458681783955725786e-01
-9.485355436632760817e-01
-9.512029089309795848e-01
-9.538702741986830880e-01
-9.565376394663865911e-01
-9.592050047340900942e-01
-9.618723700017935974e-01
-9.645397352694971005e-01
-9.672071005372006036e-01
-9.698744658049041067e-01
-9.725418310726076099e-01
-9.752091963403111130e-01
-9.778765616080146161e-01
-9.805439268757181193e-01
-9.832112921434216224e-01
-9.858786574111251255e-01
-9.885460226788286286e-01
-9.912133879465321318e-01
-9.938807532142356349e-01
-9.965481184819391380e-01
-9.992154837496426412e-01
-1.001882849017346144e+00
-1.004550214285049536e+00
-1.007217579552752929e+00
-1.009884944820456321e+00
-1.012552310088159713e+00
-1.015219675355863105e+00
-1.017887040623566497e+00
-1.020554405891269889e+00
-1.023221771158973281e+00
-1.025889136426676673e+00
-1.028556501694380065e+00
-1.031223866962083457e+00
-1.033891232229786850e+00
-1.036558597497490242e+00
-1.039225962765193634e+00
-1.041893328032897026e+00
-1.044560693300600418e+00
-1.047228058568303810e+00
-1.049895423836007202e+00
-1.052562789103710594e+00
-1.055230154371413986e+00
-1.057897519639117379e+00
-1.060564884906820771e+00
-1.063232250174524163e+00
-1.065899615442227555e+00
-1.068566980709930947e+00
-1.071234345977634339e+00
-1.073901711245337731e+00
-1.076569076513041123e+00
-1.079236441780744515e+00
-1.081903807048447907e+00
-1.084571172316151300e+00
-1.087238537583854692e+00
-1.089905902851558084e+00
-1.092573268119261476e+00
-1.095240633386964868e+00
-1.097907998654668260e+00
-1.100575363922371652e+00
-1.103242729190075044e+00
-1.105910094457778436e+00
-1.108577459725481829e+00
-1.111244824993185221e+00
-1.113912190260888613e+00
-1.116579555528592005e+00
-1.119246920796295397e+00
-1.121914286063998789e+00
-1.124581651331702181e+00
-1.127249016599405573e+00
-1.129916381867108965e+00
-1.132583747134812358e+00
-1.135251112402515750e+00
-1.137918477670219142e+00
-1.140585842937922534e+00
-1.143253208205625926e+00
-1.145920573473329318e+00
-1.148587938741032710e+00
-1.151255304008736102e+00
-1.153922669276439494e+00
-1.156590034544142886e+00
-1.159257399811846279e+00
-1.161924765079549671e+00
-1.164592130347253063e+00
-1.167259495614956455e+00
-1.169926860882659847e+00
-1.172594226150363239e+00
-1.175261591418066631e+00
-1.177928956685770023e+00
-1.180596321953473415e+00
-1.183263687221176808e+00
-1.185931052488880200e+00
-1.188598417756583592e+00
-1.191265783024286984e+00
-1.193933148291990376e+00
-1.196600513559693768e+00
-1.199267878827397160e+00
-1.201935244095100552e+00
-1.204602609362803944e+00
-1.207269974630507336e+00
-1.209937339898210729e+00
-1.212604705165914121e+00
-1.215272070433617513e+00
-1.217939435701320905e+00
-1.220606800969024297e+00
-1.223274166236727689e+00
-1.225941531504431081e+00
-1.228608896772134473e+00
-1.231276262039837865e+00
-1.233943627307541258e+00
-1.236610992575244650e+00
-1.239278357842948042e+00
-1.241945723110651434e+00
-1.244613088378354826e+00
-1.247280453646058218e+00
-1.249947818913761610e+00
-1.252615184181465002e+00
-1.255282549449168394e+00
-1.257949914716871787e+00
-1.260617279984575179e+00
-1.263284645252278571e+00
-1.265952010519981963e+00
-1.268619375787685355e+00
-1.271286741055388747e+00
-1.273954106323092139e+00
-1.276621471590795531e+00
-1.279288836858498923e+00
-1.281956202126202315e+00
-1.284623567393905708e+00
-1.287290932661609100e+00
-1.289958297929312492e+00
-1.292625663197015884e+00
-1.295293028464719276e+00
-1.297960393732422668e+00
-1.300627759000126060e+00
-1.303295124267829452e+00
-1.305962489535532844e+00
-1.308629854803236237e+00
-1.311297220070939629e+00
-1.313964585338643021e+00
-1.316631950606346413e+00
-1.319299315874049805e+00
-1.321966681141753197e+00
-1.324634046409456589e+00
-1.327301411677159981e+00
-1.329968776944863373e+00
-1.332636142212566766e+00
-1.335303507480270158e+00
-1.337970872747973550e+00
-1.340638238015676942e+00
-1.343305603283380334e+00
-1.345972968551083726e+00
-1.348640333818787118e+00
-1.351307699086490510e+00
-1.353975064354193902e+00
-1.356642429621897294e+00
-1.359309794889600687e+00
-1.361977160157304079e+00
-1.364644525425007471e+00
-1.367311890692710863e+00
-1.369979255960414255e+00
-1.372646621228117647e+00
-1.375313986495821039e+00
-1.377981351763524431e+00
-1.380648717031227823e+00
-1.383316082298931216e+00
-1.385983447566634608e+00
-1.388650812834338000e+00
-1.391318178102041392e+00
-1.393985543369744784e+00
-1.396652908637448176e+00
-1.399320273905151568e+00
-1.401987639172854960e+00
-1.404655004440558352e+00
-1.407322369708261744e+00
-1.409989734975965137e+00
-1.412657100243668529e+00
-1.415324465511371921e+00
-1.417991830779075313e+00
-1.420659196046778705e+00
-1.423326561314482097e+00
-1.425993926582185489e+00
-1.428661291849888881e+00
-1.431328657117592273e+00
-1.433996022385295666e+00
-1.436663387652999058e+00
-1.439330752920702450e+00
-1.441998118188405842e+00
-1.444665483456109234e+00
-1.447332848723812626e+00
-1.450000213991516018e+00
-1.452667579259219410e+00
-1.455334944526922802e+00
-1.458002309794626195e+00
-1.460669675062329587e+00
-1.463337040330032979e+00
-1.466004405597736371e+00
-1.468671770865439763e+00
-1.471339136133143155e+00
-1.474006501400846547e+00
-1.476673866668549939e+00
-1.479341231936253331e+00
-1.482008597203956723e+00
-1.484675962471660116e+00
-1.487343327739363508e+00
-1.490010693007066900e+00
-1.492678058274770292e+00
-1.495345423542473684e+00
-1.498012788810177076e+00
-1.500680154077880468e+00
-1.503347519345583860e+00
-1.506014884613287252e+00
-1.508682249880990645e+00
-1.511349615148694037e+00
-1.514016980416397429e+00
-1.516684345684100821e+00
-1.519351710951804213e+00
-1.522019076219507605e+00
-1.524686441487210997e+00
-1.527353806754914389e+00
-1.530021172022617781e+00
-1.532688537290321174e+00
-1.535355902558024566e+00
-1.538023267825727958e+00
-1.540690633093431350e+00
-1.543357998361134742e+00
-1.546025363628838134e+00
-1.548692728896541526e+00
-1.551360094164244918e+00
-1.554027459431948310e+00
-1.556694824699651702e+00
-1.559362189967355095e+00
-1.562029555235058487e+00
-1.564696920502761879e+00
-1.567364285770465271e+00
-1.570031651038168663e+00
-1.572699016305872055e+00
-1.575366381573575447e+00
-1.578033746841278839e+00
-1.580701112108982231e+00
-1.583368477376685624e+00
-1.586035842644389016e+00
-1.588703207912092408e+00
-1.591370573179795800e+00
-1.594037938447499192e+00
-1.596705303715202584e+00
-1.599372668982905976e+00
-1.602040034250609368e+00
-1.604707399518312760e+00
-1.607374764786016152e+00
-1.610042130053719545e+00
-1.612709495321422937e+00
-1.615376860589126329e+00
-1.618044225856829721e+00
-1.620711591124533113e+00
-1.623378956392236505e+00
-1.626046321659939897e+00
-1.628713686927643289e+00
-1.631381052195346681e+00
-1.634048417463050074e+00
-1.636715782730753466e+00
-1.639383147998456858e+00
-1.642050513266160250e+00
-1.644717878533863642e+00
-1.647385243801567034e+00
-1.650052609069270426e+00
-1.652719974336973818e+00
-1.655387339604677210e+00
-1.658054704872380603e+00
-1.660722070140083995e+00
-1.663389435407787387e+00
-1.666056800675490779e+00
-1.668724165943194171e+00
-1.671391531210897563e+00
-1.674058896478600955e+00
-1.676726261746304347e+00
-1.679393627014007739e+00
-1.682060992281711131e+00
-1.684728357549414524e+00
-1.687395722817117916e+00
-1.690063088084821308e+00
-1.692730453352524700e+00
-1.695397818620228092e+00
-1.698065183887931484e+00
-1.700732549155634876e+00
-1.703399914423338268e+00
-1.706067279691041660e+00
-1.708734644958745053e+00
-1.711402010226448445e+00
-1.714069375494151837e+00
-1.716736740761855229e+00
-1.719404106029558621e+00
-1.722071471297262013e+00
-1.724738836564965405e+00
-1.727406201832668797e+00
-1.730073567100372189e+00
-1.732740932368075581e+00
-1.735408297635778974e+00
-1.738075662903482366e+00
-1.740743028171185758e+00
-1.743410393438889150e+00
-1.746077758706592542e+00
-1.748745123974295934e+00
-1.751412489241999326e+00
-1.754079854509702718e+00
-1.756747219777406110e+00
-1.759414585045109503e+00
-1.762081950312812895e+00
-1.764749315580516287e+00
-1.767416680848219679e+00
-1.770084046115923071e+00
-1.772751411383626463e+00
-1.775418776651329855e+00
-1.778086141919033247e+00
-1.780753507186736639e+00
-1.783420872454440032e+00
-1.786088237722143424e+00
-1.788755602989846816e+00
-1.791422968257550208e+00
-1.794090333525253600e+00
-1.796757698792956992e+00
-1.799425064060660384e+00
-1.802092429328363776e+00
-1.804759794596067168e+00
-1.807427159863770560e+00
-1.810094525131473953e+00
-1.812761890399177345e+00
-1.815429255666880737e+00
-1.818096620934584129e+00
-1.820763986202287521e+00
-1.823431351469990913e+00
-1.826098716737694305e+00
-1.828766082005397697e+00
-1.831433447273101089e+00
-1.834100812540804482e+00
-1.836768177808507874e+00
-1.839435543076211266e+00
-1.842102908343914658e+00
-1.844770273611618050e+00
-1.847437638879321442e+00
-1.850105004147024834e+00
-1.852772369414728226e+00
-1.855439734682431618e+00
-1.858107099950135011e+00
-1.860774465217838403e+00
-1.863441830485541795e+00
-1.866109195753245187e+00
-1.868776561020948579e+00
-1.871443926288651971e+00
-1.874111291556355363e+00
-1.876778656824058755e+00
-1.879446022091762147e+00
-1.882113387359465539e+00
-1.884780752627168932e+00
-1.887448117894872324e+00
-1.890115483162575716e+00
-1.892782848430279108e+00
-1.895450213697982500e+00
-1.898117578965685892e+00
-1.900784944233389284e+00
-1.903452309501092676e+00
-1.906119674768796068e+00
-1.908787040036499461e+00
-1.911454405304202853e+00
-1.914121770571906245e+00
-1.916789135839609637e+00
-1.919456501107313029e+00
-1.922123866375016421e+00
-1.924791231642719813e+00
-1.927458596910423205e+00
-1.930125962178126597e+00
-1.932793327445829989e+00
-1.935460692713533382e+00
-1.938128057981236774e+00
-1.940795423248940166e+00
-1.943462788516643558e+00
-1.946130153784346950e+00
-1.948797519052050342e+00
-1.951464884319753734e+00
-1.954132249587457126e+00
-1.956799614855160518e+00
-1.959466980122863911e+00
-1.962134345390567303e+00
-1.964801710658270695e+00
-1.967469075925974087e+00
-1.970136441193677479e+00
-1.972803806461380871e+00
-1.975471171729084263e+00
-1.978138536996787655e+00
-1.980805902264491047e+00
-1.983473267532194440e+00
-1.986140632799897832e+00
-1.988807998067601224e+00
-1.991475363335304616e+00
-1.994142728603008008e+00
-1.996810093870711400e+00
-1.999477459138414792e+00
-2.002144824406118406e+00
-2.004812189673821798e+00
-2.007479554941525191e+00
-2.010146920209228583e+00
-2.012814285476931975e+00
-2.015481650744635367e+00
-2.018149016012338759e+00
-2.020816381280042151e+00
-2.023483746547745543e+00
-2.026151111815448935e+00
-2.028818477083152327e+00
-2.031485842350855719e+00
-2.034153207618559112e+00
-2.036820572886262504e+00
-2.039487938153965896e+00
-2.042155303421669288e+00
-2.044822668689372680e+00
-2.047490033957076072e+00
-2.050157399224779464e+00
-2.052824764492482856e+00
-2.055492129760186248e+00
-2.058159495027889641e+00
-2.060826860295593033e+00
-2.063494225563296425e+00
-2.066161590830999817e+00
-2.068828956098703209e+00
-2.071496321366406601e+00
-2.074163686634109993e+00
-2.076831051901813385e+00
-2.079498417169516777e+00
-2.082165782437220169e+00
-2.084833147704923562e+00
-2.087500512972626954e+00
-2.090167878240330346e+00
-2.092835243508033738e+00
-2.095502608775737130e+00
-2.098169974043440522e+00
-2.100837339311143914e+00
-2.103504704578847306e+00
-2.106172069846550698e+00
-2.108839435114254091e+00
-2.111506800381957483e+00
-2.114174165649660875e+00
-2.116841530917364267e+00
-2.119508896185067659e+00
-2.122176261452771051e+00
-2.124843626720474443e+00
-2.127510991988177835e+00
-2.130178357255881227e+00
-2.132845722523584620e+00
-2.135513087791288012e+00
-2.138180453058991404e+00
-2.140847818326694796e+00
-2.143515183594398188e+00
-2.146182548862101580e+00
-2.148849914129804972e+00
-2.151517279397508364e+00
-2.154184644665211756e+00
-2.156852009932915148e+00
-2.159519375200618541e+00
-2.162186740468321933e+00
-2.164854105736025325e+00
-2.167521471003728717e+00
-2.170188836271432109e+00
-2.172856201539135501e+00
-2.175523566806838893e+00
-2.178190932074542285e+00
-2.180858297342245677e+00
-2.183525662609949070e+00
-2.186193027877652462e+00
-2.188860393145355854e+00
-2.191527758413059246e+00
-2.194195123680762638e+00
-2.196862488948466030e+00
-2.199529854216169422e+00
-2.202197219483872814e+00
-2.204864584751576206e+00
-2.207531950019279599e+00
-2.210199315286982991e+00
-2.212866680554686383e+00
-2.215534045822389775e+00
-2.218201411090093167e+00
-2.220868776357796559e+00
-2.223536141625499951e+00
-2.226203506893203343e+00
-2.228870872160906735e+00
-2.231538237428610127e+00
-2.234205602696313520e+00
-2.236872967964016912e+00
-2.239540333231720304e+00
-2.242207698499423696e+00
-2.244875063767127088e+00
-2.247542429034830480e+00
-2.250209794302533872e+00
-2.252877159570237264e+00
-2.255544524837940656e+00
-2.258211890105644049e+00
-2.260879255373347441e+00
-2.263546620641050833e+00
-2.266213985908754225e+00
-2.268881351176457617e+00
-2.271548716444161009e+00
-2.274216081711864401e+00
-2.276883446979567793e+00
-2.279550812247271185e+00
-2.282218177514974577e+00
-2.284885542782677970e+00
-2.287552908050381362e+00
-2.290220273318084754e+00
-2.292887638585788146e+00
-2.295555003853491538e+00
-2.298222369121194930e+00
-2.300889734388898322e+00
-2.303557099656601714e+00
-2.306224464924305106e+00
-2.308891830192008499e+00
-2.311559195459711891e+00
-2.314226560727415283e+00
-2.316893925995118675e+00
-2.319561291262822067e+00
-2.322228656530525459e+00
-2.324896021798228851e+00
-2.327563387065932243e+00
-2.330230752333635635e+00
-2.332898117601339028e+00
-2.335565482869042420e+00
-2.338232848136745812e+00
-2.340900213404449204e+00
-2.343567578672152596e+00
-2.346234943939855988e+00
-2.348902309207559380e+00
-2.351569674475262772e+00
-2.354237039742966164e+00
-2.356904405010669556e+00
-2.359571770278372949e+00
-2.362239135546076341e+00
-2.364906500813779733e+00
-2.367573866081483125e+00
-2.370241231349186517e+00
-2.372908596616889909e+00
-2.375575961884593301e+00
-2.378243327152296693e+00
-2.380910692420000085e+00
-2.383578057687703478e+00
-2.386245422955406870e+00
-2.388912788223110262e+00
-2.391580153490813654e+00
-2.394247518758517046e+00
-2.396914884026220438e+00
-2.399582249293923830e+00
-2.402249614561627222e+00
-2.404916979829330614e+00
-2.407584345097034006e+00
-2.410251710364737399e+00
-2.412919075632440791e+00
-2.415586440900144183e+00
-2.418253806167847575e+00
-2.420921171435550967e+00
-2.423588536703254359e+00
-2.426255901970957751e+00
-2.428923267238661143e+00
-2.431590632506364535e+00
-2.434257997774067928e+00
-2.436925363041771320e+00
-2.439592728309474712e+00
-2.442260093577178104e+00
-2.444927458844881496e+00
-2.447594824112584888e+00
-2.450262189380288280e+00
-2.452929554647991672e+00
-2.455596919915695064e+00
-2.458264285183398457e+00
-2.460931650451101849e+00
-2.463599015718805241e+00
-2.466266380986508633e+00
-2.468933746254212025e+00
-2.471601111521915417e+00
-2.474268476789618809e+00
