-0.000000000000000000e+00
-9.795828727650147766e-07
-3.912675253846857346e-06
-8.790820351391582903e-06
-1.560559799293647672e-05
-2.434862446016204451e-05
-3.501155231636528524e-05
-4.758607022681886844e-05
-6.206390277218061112e-05
-7.843681025511771269e-05
-9.669658850031108844e-05
-1.168350686480060371e-04
-1.388441169412774632e-04
-1.627156345071798329e-04
-1.884415571319546592e-04
-2.160138550304712367e-04
-2.454245326100800090e-04
-2.766656282290611067e-04
-3.097292139498549726e-04
-3.446073952872660568e-04
-3.812923109518344660e-04
-4.197761325885757122e-04
-4.600510645112913322e-04
-5.021093434326594131e-04
-5.459432381903159010e-04
-5.915450494691430446e-04
-6.389071095199827912e-04
-6.880217818749964197e-04
-7.388814610598936489e-04
-7.914785723032547815e-04
-8.458055712431701003e-04
-9.018549436314194246e-04
-9.596192050354124649e-04
-1.019090900538106382e-03
-1.080262604436113593e-03
-1.143126919936202253e-03
-1.207676478850388570e-03
-1.273903941289803755e-03
-1.341801995357509844e-03
-1.411363356840421692e-03
-1.482580768900475894e-03
-1.555447001765167606e-03
-1.629954852417554593e-03
-1.706097144285801141e-03
-1.783866726932310407e-03
-1.863256475742460817e-03
-1.944259291612929815e-03
-2.026868100639553361e-03
-2.111075853804630312e-03
-2.196875526663541380e-03
-2.284260119030502665e-03
-2.373222654663238469e-03
-2.463756180946293645e-03
-2.555853768572668473e-03
-2.649508511223396586e-03
-2.744713525244631830e-03
-2.841461949321754006e-03
-2.939746944149943149e-03
-3.039561692100607813e-03
-3.140899396882997335e-03
-3.243753283200255608e-03
-3.348116596399118398e-03
-3.453982602112390735e-03
-3.561344585893272408e-03
-3.670195852840543640e-03
-3.780529727213559690e-03
-3.892339552035938531e-03
-4.005618688686774995e-03
-4.120360516478155377e-03
-4.236558432217695305e-03
-4.354205849754775107e-03
-4.473296199509107021e-03
-4.593822927980217852e-03
-4.715779497236415041e-03
-4.839159384381755587e-03
-4.963956080999530271e-03
-5.090163092570755728e-03
-5.217773937866158201e-03
-5.346782148310134583e-03
-5.477181267315183247e-03
-5.608964849585318033e-03
-5.742126460387003868e-03
-5.876659674786182883e-03
-6.012558076850015379e-03
-6.149815258812010334e-03
-6.288424820199280812e-03
-6.428380366920746422e-03
-6.569675510315186456e-03
-6.712303866158141931e-03
-6.856259053626775728e-03
-7.001534694221914559e-03
-7.148124410646636111e-03
-7.296021825640876604e-03
-7.445220560771717046e-03
-7.595714235179129581e-03
-7.747496464277152731e-03
-7.900560858410631687e-03
-8.054901021467834182e-03
-8.210510549449462347e-03
-8.367383028994741442e-03
-8.525512035865505725e-03
-8.684891133389381276e-03
-8.845513870863387640e-03
-9.007373781919483097e-03
-9.170464382853809118e-03
-9.334779170921594232e-03
-9.500311622599897851e-03
-9.667055191820594917e-03
-9.835003308176219067e-03
-1.000414937510148150e-02
-1.017448676803351000e-02
-1.034600883255405029e-02
-1.051870888251706104e-02
-1.069258019816534538e-02
-1.086761602424003367e-02
-1.104380956808691076e-02
-1.122115399776374770e-02
-1.139964244015295898e-02
-1.157926797908405414e-02
-1.176002365347046837e-02
-1.194190245546550289e-02
-1.212489732864218545e-02
-1.230900116620198444e-02
-1.249420680921735881e-02
-1.268050704491319874e-02
-1.286789460499226760e-02
-1.305636216400976775e-02
-1.324590233780216855e-02
-1.343650768197545212e-02
-1.362817069045785257e-02
-1.382088379412219938e-02
-1.401463935948283474e-02
-1.420942968747206797e-02
-1.440524701230097050e-02
-1.460208350040924710e-02
-1.479993124950874928e-02
-1.499878228772506990e-02
-1.519862857284146399e-02
-1.539946199164916180e-02
-1.560127435940794269e-02
-1.580405741942058490e-02
-1.600780284272461385e-02
-1.621250222790443854e-02
-1.641814710102679903e-02
-1.662472891570204031e-02
-1.683223905327355108e-02
-1.704066882313726508e-02
-1.725000946319292516e-02
-1.746025214042836587e-02
-1.767138795163780696e-02
-1.788340792427473361e-02
-1.809630301743962721e-02
-1.831006412300240083e-02
-1.852468206685909530e-02
-1.874014761032189932e-02
-1.895645145164132420e-02
-1.917358422765886444e-02
-1.939153651558819802e-02
-1.961029883492255294e-02
-1.982986164946552721e-02
-2.005021536948228822e-02
-2.027135035396774448e-02
-2.049325691302789770e-02
-2.071592531037033322e-02
-2.093934576589942184e-02
-2.116350845841153544e-02
-2.138840352838531841e-02
-2.161402108086174154e-02
-2.184035118840845988e-02
-2.206738389416277105e-02
-2.229510921494720632e-02
-2.252351714445167963e-02
-2.275259765647590082e-02
-2.298234070822564867e-02
-2.321273624365637056e-02
-2.344377419685748573e-02
-2.367544449547069954e-02
-2.390773706413561531e-02
-2.414064182795586794e-02
-2.437414871597906249e-02
-2.460824766468378694e-02
-2.484292862146705860e-02
-2.507818154812559500e-02
-2.531399642432446626e-02
-2.555036325104673156e-02
-2.578727205401788042e-02
-2.602471288709899688e-02
-2.626267583564277641e-02
-2.650115101980674362e-02
-2.674012859781818227e-02
-2.697959876918556293e-02
-2.721955177785147922e-02
-2.745997791528235685e-02
-2.770086752349047374e-02
-2.794221099798408631e-02
-2.818399879064177604e-02
-2.842622141250738393e-02
-2.866886943650218122e-02
-2.891193350005129628e-02
-2.915540430762161503e-02
-2.939927263316874720e-02
-2.964352932249092118e-02
-2.988816529548793399e-02
-3.013317154832365410e-02
-3.037853915549077258e-02
-3.062425927177683110e-02
-3.087032313413082957e-02
-3.111672206342994476e-02
-3.136344746614620760e-02
-3.161049083591317005e-02
-3.185784375499290527e-02
-3.210549789564381279e-02
-3.235344502139004402e-02
-3.260167698819345372e-02
-3.285018574552923259e-02
-3.309896333736657426e-02
-3.334800190305585443e-02
-3.359729367812399475e-02
-3.384683099497977354e-02
-3.409660628353106820e-02
-3.434661207171605529e-02
-3.459684098595053325e-02
-3.484728575149362295e-02
-3.509793919273419827e-02
-3.534879423340044763e-02
-3.559984389669506449e-02
-3.585108130535858556e-02
-3.610249968166343026e-02
-3.635409234734127831e-02
-3.660585272344638735e-02
-3.685777433015747367e-02
-3.710985078652084823e-02
-3.736207581013738926e-02
-3.761444321679601605e-02
-3.786694692005626584e-02
-3.811958093078254839e-02
-3.837233935663264539e-02
-3.862521640150298752e-02
-3.887820636493315163e-02
-3.913130364147206219e-02
-3.938450272000822150e-02
-3.963779818306637642e-02
-3.989118470607282141e-02
-4.014465705659161360e-02
-4.039821009353380954e-02
-4.065183876634187454e-02
-4.090553811415120755e-02
-4.115930326493082853e-02
-4.141312943460503937e-02
-4.166701192615798743e-02
-4.192094612872274140e-02
-4.217492751665672529e-02
-4.242895164860498863e-02
-4.268301416655295027e-02
-4.293711079487006615e-02
-4.319123733934582959e-02
-4.344538968621944330e-02
-4.369956380120446071e-02
-4.395375572850960394e-02
-4.420796158985689644e-02
-4.446217758349822052e-02
-4.471639998323130583e-02
-4.497062513741613421e-02
-4.522484946799266298e-02
-4.547906946950072693e-02
-4.573328170810291027e-02
-4.598748282061113773e-02
-4.624166951351769972e-02
-4.649583856203134274e-02
-4.674998680911902210e-02
-4.700411116455389254e-02
-4.725820860397000889e-02
-4.751227616792427083e-02
-4.776631096096600054e-02
-4.802031015071450692e-02
-4.827427096694509451e-02
-4.852819070068373208e-02
-4.878206670331074191e-02
-4.903589638567373149e-02
-4.928967721720999007e-02
-4.954340672507857174e-02
-4.979708249330220410e-02
-5.005070216191921662e-02
-5.030426342614555818e-02
-5.055776403554702869e-02
-5.081120179322180103e-02
-5.106457455499329584e-02
-5.131788022861344389e-02
-5.157111677297635671e-02
-5.182428219734241254e-02
-5.207737456057277142e-02
-5.233039197037425011e-02
-5.258333258255454973e-02
-5.283619460028782244e-02
-5.308897627339045910e-02
-5.334167589760704931e-02
-5.359429181390647223e-02
-5.384682240778798645e-02
-5.409926610859723539e-02
-5.435162138885209909e-02
-5.460388676357826043e-02
-5.485606078965436089e-02
-5.510814206516666952e-02
-5.536012922877311254e-02
-5.561202095907657322e-02
-5.586381597400727483e-02
-5.611551303021418413e-02
-5.636711092246528276e-02
-5.661860848305655391e-02
-5.687000458122956625e-02
-5.712129812259752332e-02
-5.737248804857965345e-02
-5.762357333584377378e-02
-5.787455299575693102e-02
-5.812542607384396653e-02
-5.837619164925385989e-02
-5.862684883423376764e-02
-5.887739677361057689e-02
-5.912783464427987662e-02
-5.937816165470221480e-02
-5.962837704440651643e-02
-5.987848008350055151e-02
-6.012847007218832113e-02
-6.037834634029426439e-02
-6.062810824679418231e-02
-6.087775517935271191e-02
-6.112728655386735072e-02
-6.137670181401883723e-02
-6.162600043082784584e-02
-6.187518190221786424e-02
-6.212424575258421872e-02
-6.237319153236910857e-02
-6.262201881764260791e-02
-6.287072720968953088e-02
-6.311931633460211855e-02
-6.336778584287845739e-02
-6.361613540902658070e-02
-6.386436473117419743e-02
-6.411247353068397214e-02
-6.436046155177434225e-02
-6.460832856114583078e-02
-6.485607434761275769e-02
-6.510369872174040506e-02
-6.535120151548753920e-02
-6.559858258185427560e-02
-6.584584179453534247e-02
-6.609297904757860387e-02
-6.633999425504896741e-02
-6.658688735069756559e-02
-6.683365828763626615e-02
-6.708030703801752537e-02
-6.732683359271959822e-02
-6.757323796103706370e-02
-6.781952017037679026e-02
-6.806568026595925802e-02
-6.831171831052537669e-02
-6.855763438404877119e-02
-6.880342858345359081e-02
-6.904910102233793867e-02
-6.929465183070286638e-02
-6.954008115468711393e-02
-6.978538915630760897e-02
-7.003057601320578085e-02
-7.027564191839975882e-02
-7.052058708004260712e-02
-7.076541172118658296e-02
-7.101011607955355631e-02
-7.125470040731170240e-02
-7.149916497085849476e-02
-7.174351005061020692e-02
-7.198773594079797833e-02
-7.223184294927047222e-02
-7.247583139730343071e-02
-7.271970161941601618e-02
-7.296345396319434129e-02
-7.320708878912200734e-02
-7.345060647041805335e-02
-7.369400739288228808e-02
-7.393729195474822713e-02
-7.418046056654369058e-02
-7.442351365095936644e-02
-7.466645164272528445e-02
-7.490927498849558885e-02
-7.515198414674151284e-02
-7.539457958765292955e-02
-7.563706179304856281e-02
-7.587943125629496854e-02
-7.612168848223455075e-02
-7.636383398712270898e-02
-7.660586829857436719e-02
-7.684779195551996733e-02
-7.708960550817114954e-02
-7.733130951799632724e-02
-7.757290455770628201e-02
-7.781439121125000025e-02
-7.805577007382087651e-02
-7.829704175187356119e-02
-7.853820686315149402e-02
-7.877926603672548433e-02
-7.902021991304332416e-02
-7.926106914399079495e-02
-7.950181439296410968e-02
-7.974245633495405383e-02
-7.998299565664200583e-02
-8.022343305650790624e-02
-8.046376924495049487e-02
-8.070400494441994088e-02
-8.094414088956294884e-02
-8.118417782738066024e-02
-8.142411651739937806e-02
-8.166395773185436413e-02
-8.190370225588687603e-02
-8.214335088775448490e-02
-8.238290443905497973e-02
-8.262236373496392727e-02
-8.286172961448595720e-02
-8.310100293072009148e-02
-8.334018455113910429e-02
-8.357927535788306495e-02
-8.381827624806723054e-02
-8.405718813410437140e-02
-8.429601194404166831e-02
-8.453474862191219519e-02
-8.477339912810122335e-02
-8.501196443972737493e-02
-8.525044555103858390e-02
-8.548884347382318394e-02
-8.572715923783598424e-02
-8.596539389123947217e-02
-8.620354850106022593e-02
-8.644162415366049568e-02
-8.667962195522505020e-02
-8.691754303226327527e-02
-8.715538853212662085e-02
-8.739315962354128609e-02
-8.763085749715619766e-02
-8.786848336610629528e-02
-8.810603846659109673e-02
-8.834352405846844503e-02
-8.858094142586346587e-02
-8.881829187779270718e-02
-8.905557674880329455e-02
-8.929279739962718565e-02
-8.952995521785027389e-02
-8.976705161859645232e-02
-9.000408804522634643e-02
-9.024106597005072949e-02
-9.047798689505850978e-02
-9.071485235265910885e-02
-9.095166390643913412e-02
-9.118842315193317893e-02
-9.142513171740869471e-02
-9.166179126466462990e-02
-9.189840348984380791e-02
-9.213497012425882204e-02
-9.237149293523123916e-02
-9.260797372694400120e-02
-9.284441434130684401e-02
-9.308081665883438660e-02
-9.331718259953694639e-02
-9.355351412382366394e-02
-9.378981323341784027e-02
-9.402608197228427833e-02
-9.426232242756839297e-02
-9.449853673054689485e-02
-9.473472705758989587e-02
-9.497089563113410293e-02
-9.520704472066703061e-02
-9.544317664372194143e-02
-9.567929376688340259e-02
-9.591539850680319557e-02
-9.615149333122641195e-02
-9.638758076002756914e-02
-9.662366336625659302e-02
-9.685974377719444584e-02
-9.709582467541834350e-02
-9.733190879987636823e-02
-9.756799894697136544e-02
-9.780409797165395824e-02
-9.804020878852474918e-02
-9.827633437294548691e-02
-9.851247776215919794e-02
-9.874864205641922799e-02
-9.898483042012727606e-02
-9.922104608298032424e-02
-9.945729234112656025e-02
-9.969357255833037612e-02
-9.992989016714648454e-02
-1.001662486701034166e-01
-1.004026516408963732e-01
-1.006391027255898324e-01
-1.008756056438299964e-01
-1.011121641900674661e-01
-1.013487822347904077e-01
-1.015854637257685850e-01
-1.018222126893086471e-01
-1.020590332315212401e-01
-1.022959295396002610e-01
-1.025329058831150053e-01
-1.027699666153156915e-01
-1.030071161744531283e-01
-1.032443590851131465e-01
-1.034816999595667003e-01
-1.037191434991364403e-01
-1.039566944955806899e-01
-1.041943578324957820e-01
-1.044321384867378660e-01
-1.046700415298653514e-01
-1.049080721296030416e-01
-1.051462355513294866e-01
-1.053845371595886898e-01
-1.056229824196277950e-01
-1.058615768989621675e-01
-1.061003262689696608e-01
-1.063392363065155527e-01
-1.065783128956102471e-01
-1.068175620291013789e-01
-1.070569898104025280e-01
-1.072966024552605979e-01
-1.075364062935640352e-01
-1.077764077711942242e-01
-1.080166134519225801e-01
-1.082570300193557711e-01
-1.084976642789317880e-01
-1.087385231599696245e-01
-1.089796137177755225e-01
-1.092209431358086708e-01
-1.094625187279097134e-01
-1.097043479405950817e-01
-1.099464383554208113e-01
-1.101887976914191769e-01
-1.104314338076119451e-01
-1.106743547056039528e-01
-1.109175685322610072e-01
-1.111610835824762000e-01
-1.114049083020287600e-01
-1.116490512905398275e-01
-1.118935213045297444e-01
-1.121383272605812886e-01
-1.123834782386138181e-01
-1.126289834852730321e-01
-1.128748524174415097e-01
-1.131210946258750932e-01
-1.133677198789704854e-01
-1.136147381266693485e-01
-1.138621595045044566e-01
-1.141099943377935355e-01
-1.143582531459864937e-01
-1.146069466471717063e-01
-1.148560857627473480e-01
-1.151056816222635892e-01
-1.153557455684415950e-01
-1.156062891623752809e-01
-1.158573241889216537e-01
-1.161088626622857750e-01
-1.163609168318059106e-01
-1.166134991879447108e-01
-1.168666224684918736e-01
-1.171202996649834682e-01
-1.173745440293430808e-01
-1.176293690807493769e-01
-1.178847886127342565e-01
-1.181408167005155163e-01
-1.183974677085670307e-01
-1.186547562984290038e-01
-1.189126974367597928e-01
-1.191713064036301756e-01
-1.194305988010593983e-01
-1.196905905617913768e-01
-1.199512979583077926e-01
-1.202127376120732116e-01
-1.204749265030051752e-01
-1.207378819791603691e-01
-1.210016217666250726e-01
-1.212661639795953455e-01
-1.215315271306293271e-01
-1.217977301410499008e-01
-1.220647923514722594e-01
-1.223327335324258525e-01
-1.226015738950350792e-01
-1.228713341017169669e-01
-1.231420352768475557e-01
-1.234136990173409082e-01
-1.236863474030765186e-01
-1.239600030071011799e-01
-1.242346889055210707e-01
-1.245104286869877785e-01
-1.247872464616692073e-01
-1.250651668695812457e-01
-1.253442150881403927e-01
-1.256244168387791460e-01
-1.259057983924461721e-01
-1.261883865737912502e-01
-1.264722087638108783e-01
-1.267572929007033944e-01
-1.270436674786531717e-01
-1.273313615442314972e-01
-1.276204046900664413e-01
-1.279108270453957197e-01
-1.282026592630751138e-01
-1.284959325025701038e-01
-1.287906784084099643e-01
-1.290869290835321148e-01
-1.293847170568889760e-01
-1.296840752446317135e-01
-1.299850369041240239e-01
-1.302876355799754693e-01
-1.305919050412186200e-01
-1.308978792086880061e-01
-1.312055920715931023e-01
-1.315150775922130644e-01
-1.318263695975805949e-01
-1.321395016569673342e-01
-1.324545069439376499e-01
-1.327714180817033407e-01
-1.330902669704946140e-01
-1.334110845956656410e-01
-1.337339008152829134e-01
-1.340587441260063517e-01
-1.343856414061753157e-01
-1.347146176351601554e-01
-1.350456955882446686e-01
-1.353788955065725330e-01
-1.357142347420326745e-01
-1.360517273773808322e-01
-1.363913838224062314e-01
-1.367332103875606164e-01
-1.370772088371738917e-01
-1.374233759251905218e-01
-1.377717029172688401e-01
-1.381221751040845880e-01
-1.384747713117558676e-01
-1.388294634164385366e-01
-1.391862158712973974e-01
-1.395449852552023140e-01
-1.399057198535805790e-01
-1.402683592828215531e-01
-1.406328341704127238e-01
-1.409990659035195715e-01
-1.413669664589342345e-01
-1.417364383271426942e-01
-1.421073745426371937e-01
-1.424796588314844459e-01
-1.428531658855249631e-01
-1.432277617704258710e-01
-1.436033044721696794e-01
-1.439796445834989613e-01
-1.443566261284536245e-01
-1.447340875195618493e-01
-1.451118626386388721e-01
-1.454897820286835397e-01
-1.458676741812247601e-01
-1.462453669008332291e-01
-1.466226887265368317e-01
-1.469994703886818854e-01
-1.473755462794497650e-01
-1.477507559158009742e-01
-1.481249453750539680e-01
-1.484979686855451286e-01
-1.488696891577414583e-01
-1.492399806446402799e-01
-1.496087287241155694e-01
-1.499758317998747537e-01
-1.503412021216889161e-01
-1.507047667293797688e-01
-1.510664683285320997e-01
-1.514262661089122719e-01
-1.517841365189930569e-01
-1.521400740116997941e-01
-1.524940917773959237e-01
-1.528462224800878344e-01
-1.531965190116870990e-01
-1.535450552766965959e-01
-1.538919270155626462e-01
-1.542372526687050271e-01
-1.545811742742687067e-01
-1.549238583800742475e-01
-1.552654969329416990e-01
-1.556063080850590696e-01
-1.559465368255605888e-01
-1.562864553038720017e-01
-1.566263626574589118e-01
-1.569665840884631181e-01
-1.573074688505455287e-01
-1.576493867108839098e-01
-1.579927223495520283e-01
-1.583378670649964737e-01
-1.586852070992698926e-01
-1.590351079285945990e-01
-1.593878940555544244e-01
-1.597438242815900911e-01
-1.601030632294742073e-01
-1.604656510843509021e-01
-1.608314750770346024e-01
-1.612002478878969414e-01
-1.615714993736172000e-01
-1.619445880527515258e-01
-1.623187368891467475e-01
-1.626930938149640793e-01
-1.630668117905911541e-01
-1.634391376603445134e-01
-1.638094957075038050e-01
-1.641775520865835225e-01
-1.645432501694088501e-01
-1.649068127378637005e-01
-1.652687127237843223e-01
-1.656296181815108681e-01
-1.659903188867548063e-01
-1.663516419617613040e-01
-1.667143633171565553e-01
-1.670791214610670983e-01
-1.674463408221043281e-01
-1.678161729237476196e-01
-1.681884646150417217e-01
-1.685627617962267843e-01
-1.689383535673624759e-01
-1.693143553330125617e-01
-1.696898214722804832e-01
-1.700638713238492306e-01
-1.704358090860612629e-01
-1.708052200035251322e-01
-1.711720309351977831e-01
-1.715365304927839174e-01
-1.718993496517384201e-01
-1.722614064673334833e-01
-1.726238183476278276e-01
-1.729877838042492566e-01
-1.733544353204727884e-01
-1.737246690618708678e-01
-1.740989682021216456e-01
-1.744772543330204428e-01
-1.748588189544897087e-01
-1.752423895242855301e-01
-1.756263559179631339e-01
-1.760091230721002042e-01
-1.763894920843199488e-01
-1.767669473389754942e-01
-1.771417606262541689e-01
-1.775148914842133718e-01
-1.778877238531719474e-01
-1.782617094902192445e-01
-1.786379953673853382e-01
-1.790171131383091752e-01
-1.793988089918684692e-01
-1.797820781629753395e-01
-1.801654220287366437e-01
-1.805472704511043303e-01
-1.809264438307337519e-01
-1.813025121183110544e-01
-1.816759518345946456e-01
-1.820480727902865636e-01
-1.824207399177195377e-01
-1.827959385127188308e-01
-1.831752457778887955e-01
-1.835593119041793453e-01
-1.839475247081122089e-01
-1.843380705418528887e-01
-1.847285011412230782e-01
-1.851166460854940798e-01
-1.855014547875599717e-01
-1.858833559841416017e-01
-1.862639916022274800e-01
-1.866454773008593970e-01
-1.870294919745051077e-01
-1.874165313617475459e-01
-1.878056363786177185e-01
-1.881947754862552669e-01
-1.885817697641664903e-01
-1.889653366867634632e-01
-1.893457523188966096e-01
-1.897248527463056000e-01
-1.901053964538904906e-01
-1.904899961447287238e-01
-1.908799465487675262e-01
-1.912744426550409271e-01
-1.916707647215608601e-01
-1.920656117345906633e-01
-1.924568998303284040e-01
-1.928448424325072130e-01
-1.932316345203375918e-01
-1.936200150095256367e-01
-1.940115531248815806e-01
-1.944056099299620588e-01
-1.947996676480759914e-01
-1.951909552298732031e-01
-1.955783452250644261e-01
-1.959632663870710945e-01
-1.963490956625666417e-01
-1.967393582529209095e-01
-1.971355873934860503e-01
-1.975360925365073628e-01
-1.979368434871315308e-01
-1.983342646715314517e-01
-1.987277598709949467e-01
-1.991198399785664708e-01
-1.995138791369340803e-01
-1.999112892574361477e-01
-2.003102542949944942e-01
-2.007071973018478006e-01
-2.010999325286028094e-01
-2.014898088542436405e-01
-2.018810713907361609e-01
-2.022778791047940838e-01
-2.026809587323034900e-01
-2.030866379119068976e-01
-2.034898411975012145e-01
-2.038886045630115829e-01
-2.042854693798275001e-01
-2.046844880253251286e-01
-2.050869158836749195e-01
-2.054897751907741599e-01
-2.058889974144696156e-01
-2.062840472894005572e-01
-2.066791266686469619e-01
-2.070796686899848416e-01
-2.074871152187570400e-01
-2.078970423502133347e-01
-2.083036095439908530e-01
-2.087057757208965192e-01
-2.091076953019064266e-01
-2.095130925845329894e-01
-2.099204086382638335e-01
-2.103247003210024224e-01
-2.107242988719718046e-01
-2.111238155040325581e-01
-2.115295963024739767e-01
-2.119423841086363058e-01
-2.123559375868259991e-01
-2.127647014893826460e-01
-2.131704726477626766e-01
-2.135786920919503507e-01
-2.139900160491573222e-01
-2.143991792922763095e-01
-2.148032252644917206e-01
-2.152070854988775428e-01
-2.156180215364661146e-01
-2.160357867895137396e-01
-2.164524635939617803e-01
-2.168638174427708898e-01
-2.172744950709220024e-01
-2.176890025089658343e-01
-2.181036366634512558e-01
-2.185130012786998532e-01
-2.189205273290212028e-01
-2.193348881922508042e-01
-2.197568268248375201e-01
-2.201774370686329640e-01
-2.205926068894973890e-01
-2.210083119988948408e-01
-2.214277249072596765e-01
-2.218447062644731682e-01
-2.222564044715767406e-01
-2.226711059244556590e-01
-2.230952016554293427e-01
-2.235215017721073061e-01
-2.239420474391606297e-01
-2.243615787495485125e-01
-2.247850587400263833e-01
-2.252063025077248870e-01
-2.256221726661984395e-01
-2.260423812027927692e-01
-2.264722361154744845e-01
-2.269017332764119987e-01
-2.273254649018028595e-01
-2.277510798808465853e-01
-2.281789150957447554e-01
-2.286010543218738589e-01
-2.290225848439075285e-01
-2.294542937331865706e-01
-2.298896351008146988e-01
-2.303187661945634013e-01
-2.307483044536649819e-01
-2.311807325889352893e-01
-2.316074574355731497e-01
-2.320339128043597543e-01
-2.324713281977786872e-01
-2.329106332800511547e-01
-2.333437204430606482e-01
-2.337793371404661147e-01
-2.342151314809066409e-01
-2.346447044160294149e-01
-2.350806539632229464e-01
-2.355259774940785256e-01
-2.359661953740254114e-01
-2.364049358919182720e-01
-2.368467455328586713e-01
-2.372822333083409729e-01
-2.377206678015186814e-01
-2.381705464112928439e-01
-2.386166824118327034e-01
-2.390603630900153265e-01
-2.395071494078093166e-01
-2.399473885560680364e-01
-2.403923868515479012e-01
-2.408480605213512982e-01
-2.412980400295382521e-01
-2.417482985370497384e-01
-2.421988697830730342e-01
-2.426437570159919177e-01
-2.431000240646118971e-01
-2.435598753068201894e-01
-2.440138902478299343e-01
-2.444715088616745413e-01
-2.449228921489458310e-01
-2.453795407041755028e-01
-2.458465065975265484e-01
-2.463068081320427538e-01
-2.467697975648290576e-01
-2.472281805957368961e-01
-2.476889109930835164e-01
-2.481618831179800422e-01
-2.486285223694362501e-01
-2.490975316579372989e-01
-2.495615143641188582e-01
-2.500299592010150618e-01
-2.505091227124356390e-01
-2.509816843693461474e-01
-2.514571419607060099e-01
-2.519260106290830414e-01
-2.524063062007766978e-01
-2.528899772573910409e-01
-2.533701216891963703e-01
-2.538497468926270706e-01
-2.543278733524850233e-01
-2.548204522411934847e-01
-2.553070960860305827e-01
-2.557958702893134428e-01
-2.562784539284392871e-01
-2.567753345131005283e-01
-2.572713262296706382e-01
-2.577671465012861263e-01
-2.582576933870027736e-01
-2.587591049755930128e-01
-2.592641266599747807e-01
-2.597671814751355002e-01
-2.602657816598677454e-01
-2.607744841558346516e-01
-2.612875199604012266e-01
-2.617986312135520688e-01
-2.623048316527476498e-01
-2.628239721394737272e-01
-2.633443174430849520e-01
-2.638638923250186674e-01
-2.643788360748705046e-01
-2.649101663409577090e-01
-2.654381270921021829e-01
-2.659648913221903666e-01
-2.664939278785509735e-01
-2.670349169273602552e-01
-2.675721730867058334e-01
-2.681052310501183533e-01
-2.686534259643669209e-01
-2.692012039668497114e-01
-2.697461976371016701e-01
-2.702967206903675867e-01
-2.708569380051948361e-01
-2.714132429936367275e-01
-2.719688032356452068e-01
-2.725397699059944889e-01
-2.731073484679850671e-01
-2.736720133013190726e-01
-2.742525202190376765e-01
-2.748322816114525668e-01
-2.754081091118356639e-01
-2.759989756514621972e-01
-2.765914221616968538e-01
-2.771795073338415016e-01
-2.777823234929412410e-01
-2.783873122686084112e-01
-2.789893070023971022e-01
-2.796057102942144379e-01
-2.802217715495062822e-01
-2.808403944042093259e-01
-2.814727769541526259e-01
-2.820972341549478069e-01
-2.827339652753577681e-01
-2.833849643829784437e-01
-2.840228396038209091e-01
-2.846748501974755707e-01
-2.853363659276960118e-01
-2.860023370847620816e-01
-2.866810094477280080e-01
-2.873437089176433812e-01
-2.880239983334266229e-01
-2.887203177961677469e-01
-2.894248517516913033e-01
-2.901436194296646565e-01
-2.908414690538288494e-01
-2.915494038783457142e-01
-2.922576512340497867e-01
-2.929927064392132130e-01
-2.937538918759535211e-01
-2.945318892067215200e-01
-2.953328789535594190e-01
-2.961247133869969184e-01
-2.969250329107345765e-01
-2.976999430984583750e-01
-2.984757355225355346e-01
-2.992242595496827917e-01
-2.999733253472295358e-01
-3.006984643330384843e-01
-3.014250762905965053e-01
-3.021295520001767154e-01
-3.028344983211320174e-01
-3.035162527320046100e-01
-3.041962432253911275e-01
-3.048527971825290006e-01
-3.055092825845226456e-01
-3.061510035417974729e-01
-3.068050748003607886e-01
-3.074686084143865572e-01
-3.081640724953690347e-01
-3.088969486562908040e-01
-3.096597835968000756e-01
-3.104497377439026096e-01
-3.112315604506515343e-01
-3.120134261461032232e-01
-3.128012460904341929e-01
-3.136257405134948439e-01
-3.144874252076197418e-01
-3.153544298338917806e-01
-3.162308461225927236e-01
-3.171377431397880420e-01
-3.180667029197200013e-01
-3.190148229363236054e-01
-3.199894659493815463e-01
-3.209790227700467513e-01
-3.220011809726662233e-01
-3.230533348107848535e-01
-3.241270449434871526e-01
-3.252460991058233053e-01
-3.263570660472188689e-01
-3.275751399044664613e-01
-3.287616056209518578e-01
-3.300384290480150029e-01
-3.312891234402050022e-01
-3.326078374985512731e-01
-3.341077173433382175e-01
-3.354827854465271542e-01
-3.368968379310531280e-01
-3.385283230304936830e-01
-3.401290593566865805e-01
-3.415435086123540520e-01
-3.429493199962487804e-01
-3.446153492897807147e-01
-3.467674873235174204e-01
-3.496087213607360078e-01
-3.529439274019172124e-01
-3.558980080113465783e-01
-3.590819759906482278e-01
-3.627912286594535130e-01
-3.672132911181812953e-01
-3.727446414291818444e-01
-3.786840870748320875e-01
-3.941739284946060295e-01
-4.095378317730413720e-01
-4.227977352184194570e-01
-4.363728967084178900e-01
-4.492771040295317486e-01
-4.624051895397671141e-01
-4.755804136768264079e-01
-4.888091324742849242e-01
-5.020508177306742814e-01
-5.152708173366336020e-01
-5.284381934359638766e-01
-5.415906630165202573e-01
-5.547349411905743155e-01
-5.678776100801700144e-01
-5.810203734386679697e-01
-5.941643074156645055e-01
-6.073097986305586726e-01
-6.204570563991937959e-01
-6.336061722496816317e-01
-6.467571942684940955e-01
-6.599101468674430926e-01
-6.730650430726263789e-01
-6.862218903306164242e-01
-6.993806927331924772e-01
-7.125414528479128151e-01
-7.257041721330297346e-01
-7.388688515710354343e-01
-7.520354917395470906e-01
-7.652040930484599324e-01
-7.783746557476775019e-01
-7.915471800208159214e-01
-8.047216659843069442e-01
-8.178981137253515943e-01
-8.310765233017036735e-01
-8.442568947568078741e-01
-8.574392281208854660e-01
-8.706235234164442227e-01
-8.838097806600436757e-01
-8.969979998637187535e-01
-9.101881810369140124e-01
-9.233803241862271749e-01
-9.365744293172375556e-01
-9.497704964336310951e-01
-9.629685255388080733e-01
-9.761685166348545994e-01
-9.893704697239015244e-01
-1.002574384807137786e+00
-1.015780261885932623e+00
-1.028988100960963603e+00
-1.042197902033131340e+00
-1.055409665102818639e+00
-1.068623390170630127e+00
-1.081839077236777857e+00
-1.095056726301675720e+00
-1.108276337365436737e+00
-1.121497910428349787e+00
-1.134721445490470160e+00
-1.147946942552003025e+00
-1.161174401612971474e+00
-1.174403822673523168e+00
-1.187635205733663213e+00
-1.200868550793499967e+00
-1.214103857853029433e+00
-1.227341126912331770e+00
-1.240580357971398762e+00
-1.253821551030290804e+00
-1.267064706088998127e+00
-1.280309823147566917e+00
-1.293556902205987402e+00
-1.306805943264295111e+00
-1.320056946322481384e+00
-1.333309911380573975e+00
-1.346564838438565115e+00
-1.359821727496477006e+00
-1.373080578554302988e+00
-1.386341391612060825e+00
-1.399604166669745187e+00
-1.412868903727370506e+00
-1.426135602784932566e+00
-1.439404263842442910e+00
-1.452674886899898210e+00
-1.465947471957308013e+00
-1.479222019014670098e+00
-1.492498528071992236e+00
-1.505776999129272875e+00
-1.519057432186518231e+00
-1.532339827243727193e+00
-1.545624184300905313e+00
-1.558910503358051702e+00
-1.572198784415171025e+00
-1.585489027472262835e+00
-1.598781232529330687e+00
-1.612075399586374802e+00
-1.625371528643398067e+00
-1.638669619700400926e+00
-1.651969672757385599e+00
-1.665271687814352530e+00
-1.678575664871303719e+00
-1.691881603928239830e+00
-1.705189504985162419e+00
-1.718499368042071929e+00
-1.731811193098969914e+00
-1.745124980155856820e+00
-1.758440729212733755e+00
-1.771758440269601387e+00
-1.785078113326460603e+00
-1.798399748383311847e+00
-1.811723345440156008e+00
-1.825048904496993529e+00
-1.838376425553824856e+00
-1.851705908610650653e+00
-1.865037353667471365e+00
-1.878370760724287658e+00
-1.891706129781099754e+00
-1.905043460837907876e+00
-1.918382753894712689e+00
-1.931724008951514193e+00
-1.945067226008312833e+00
-1.958412405065109052e+00
-1.971759546121902851e+00
-1.985108649178694451e+00
-1.998459714235484075e+00
-2.011812741292271944e+00
-2.025167730349058282e+00
-2.038524681405843086e+00
-2.051883594462626803e+00
-2.065244469519409432e+00
-2.078607306576190972e+00
-2.091972105632971424e+00
-2.105338866689750787e+00
-2.118707589746529507e+00
-2.132078274803307583e+00
-2.145450921860085014e+00
-2.158825530916861801e+00
-2.172202101973637944e+00
-2.185580635030413887e+00
-2.198961130087189186e+00
-2.212343587143963841e+00
-2.225728006200738296e+00
-2.239114387257512107e+00
-2.252502730314285717e+00
-2.265893035371059128e+00
-2.279285302427831894e+00
-2.292679531484604460e+00
-2.306075722541376827e+00
-2.319473875598148993e+00
-2.332873990654920515e+00
-2.346276067711691837e+00
-2.359680106768462959e+00
-2.373086107825233881e+00
-2.386494070882004603e+00
-2.399903995938775125e+00
-2.413315882995545003e+00
-2.426729732052314681e+00
-2.440145543109084159e+00
-2.453563316165853436e+00
-2.466983051222622514e+00
-2.480404748279391391e+00
-2.493828407336160069e+00
-2.507254028392928547e+00
-2.520681611449696824e+00
-2.534111156506464901e+00
-2.547542663563232779e+00
-2.560976132620000012e+00
-2.574411563676767045e+00
-2.587848956733533878e+00
-2.601288311790300511e+00
-2.614729628847066945e+00
-2.628172907903833178e+00
-2.641618148960599211e+00
-2.655065352017365488e+00
-2.668514517074131565e+00
-2.681965644130897441e+00
-2.695418733187663118e+00
-2.708873784244428595e+00
-2.722330797301193872e+00
-2.735789772357958949e+00
-2.749250709414723826e+00
-2.762713608471488502e+00
-2.776178469528253423e+00
-2.789645292585018144e+00
-2.803114077641782664e+00
-2.816584824698546985e+00
-2.830057533755311105e+00
-2.843532204812075470e+00
-2.857008837868839635e+00
-2.870487432925603599e+00
-2.883967989982367364e+00
-2.897450509039131372e+00
-2.910934990095895181e+00
-2.924421433152658789e+00
-2.937909838209422642e+00
-2.951400205266186294e+00
-2.964892534322949746e+00
-2.978386825379713443e+00
-2.991883078436476939e+00
-3.005381293493240236e+00
-3.018881470550003776e+00
-3.032383609606767116e+00
-3.045887710663530257e+00
-3.059393773720293641e+00
-3.072901798777056825e+00
-3.086411785833820254e+00
-3.099923734890583482e+00
-3.113437645947346510e+00
-3.126953519004109783e+00
-3.140471354060872855e+00
-3.153991151117636171e+00
-3.167512910174399288e+00
-3.181036631231162204e+00
-3.194562314287925364e+00
-3.208089959344688324e+00
-3.221619566401451529e+00
-3.235151135458214533e+00
-3.248684666514977781e+00
-3.262220159571740830e+00
-3.275757614628503678e+00
-3.289297031685266770e+00
-3.302838410742029662e+00
-3.316381751798792799e+00
-3.329927054855555735e+00
-3.343474319912318915e+00
-3.357023546969081895e+00
-3.370574736025844675e+00
-3.384127887082607700e+00
-3.397683000139370524e+00
-3.411240075196133592e+00
-3.424799112252896460e+00
-3.438360111309659572e+00
-3.451923072366422485e+00
-3.465487995423185197e+00
-3.479054880479948153e+00
-3.492623727536710909e+00
-3.506194536593473909e+00
-3.519767307650236710e+00
-3.533342040706999310e+00
-3.546918735763762154e+00
-3.560497392820524798e+00
-3.574078011877287686e+00
-3.587660592934050374e+00
-3.601245135990813306e+00
-3.614831641047576039e+00
-3.628420108104338571e+00
-3.642010537161101347e+00
-3.655602928217863923e+00
-3.669197281274626743e+00
-3.682793596331389363e+00
-3.696391873388152227e+00
-3.709992112444914891e+00
-3.723594313501677355e+00
-3.737198476558440063e+00
-3.750804601615202571e+00
-3.764412688671965324e+00
-3.778022737728727876e+00
-3.791634748785490672e+00
-3.805248721842253268e+00
-3.818864656899016108e+00
-3.832482553955778748e+00
-3.846102413012541188e+00
-3.859724234069303872e+00
-3.873348017126066356e+00
-3.886973762182829084e+00
-3.900601469239591612e+00
-3.914231138296354384e+00
-3.927862769353116956e+00
-3.941496362409879328e+00
-3.955131917466641944e+00
-3.968769434523404360e+00
-3.982408913580167020e+00
-3.996050354636929480e+00
-4.009693757693692184e+00
-4.023339122750455132e+00
-4.036986449807217880e+00
-4.050635738863980428e+00
-4.064286989920742776e+00
-4.077940202977504924e+00
-4.091595378034267760e+00
-4.105252515091030396e+00
-4.118911614147792832e+00
-4.132572675204555068e+00
-4.146235698261317992e+00
-4.159900683318080716e+00
-4.173567630374843240e+00
-4.187236539431605564e+00
-4.200907410488367688e+00
-4.214580243545130500e+00
-4.228255038601893112e+00
-4.241931795658655524e+00
-4.255610514715417736e+00
-4.269291195772180636e+00
-4.282973838828943336e+00
-4.296658443885705836e+00
-4.310345010942468136e+00
-4.324033539999230236e+00
-4.337724031055993024e+00
-4.351416484112755612e+00
-4.365110899169517999e+00
-4.378807276226280187e+00
-4.392505615283043063e+00
-4.406205916339805739e+00
-4.419908179396568215e+00
-4.433612404453330491e+00
-4.447318591510092567e+00
-4.461026740566855331e+00
-4.474736851623617895e+00
-4.488448924680380259e+00
-4.502162959737142423e+00
-4.515878956793905274e+00
-4.529596915850667926e+00
-4.543316836907430378e+00
-4.557038719964192630e+00
-4.570762565020954682e+00
-4.584488372077717422e+00
-4.598216141134479962e+00
-4.611945872191242302e+00
-4.625677565248004441e+00
-4.639411220304767269e+00
-4.653146837361529897e+00
-4.666884416418292325e+00
-4.680623957475054553e+00
-4.694365460531817469e+00
-4.708108925588580185e+00
-4.721854352645342701e+00
-4.735601741702105016e+00
-4.749351092758867132e+00
-4.763102405815629936e+00
-4.776855680872392540e+00
-4.790610917929154944e+00
-4.804368116985917148e+00
-4.818127278042680040e+00
-4.831888401099442731e+00
-4.845651486156205223e+00
-4.859416533212967515e+00
-4.873183542269729607e+00
-4.886952513326492387e+00
-4.900723446383254966e+00
-4.914496341440017346e+00
-4.928271198496779526e+00
-4.942048017553542394e+00
-4.955826798610305062e+00
-4.969607541667067530e+00
-4.983390246723829797e+00
-4.997174913780591865e+00
-5.010961542837354621e+00
-5.024750133894117177e+00
-5.038540686950879532e+00
-5.052333202007641688e+00
-5.066127679064404532e+00
-5.079924118121167176e+00
-5.093722519177929620e+00
-5.107522882234691863e+00
-5.121325207291453907e+00
-5.135129494348216639e+00
-5.148935743404979171e+00
-5.162743954461741502e+00
-5.176554127518503634e+00
-5.190366262575266454e+00
-5.204180359632029074e+00
-5.217996418688791493e+00
-5.231814439745553713e+00
-5.245634422802315733e+00
-5.259456367859078441e+00
-5.273280274915840948e+00
-5.287106143972603256e+00
-5.300933975029365364e+00
-5.314763768086128159e+00
-5.328595523142890755e+00
-5.342429240199653151e+00
-5.356264919256415347e+00
-5.370102560313178230e+00
-5.383942163369940914e+00
-5.397783728426703398e+00
-5.411627255483465682e+00
-5.425472744540227765e+00
-5.439320195596990537e+00
-5.453169608653753109e+00
-5.467020983710515480e+00
-5.480874320767277652e+00
-5.494729619824040512e+00
-5.508586880880803172e+00
-5.522446103937565631e+00
-5.536307288994327891e+00
-5.550170436051089951e+00
-5.564035545107852698e+00
-5.577902616164615246e+00
-5.591771649221377594e+00
-5.605642644278139741e+00
-5.619515601334902577e+00
-5.633390520391665213e+00
-5.647267401448427648e+00
-5.661146244505189884e+00
-5.675027049561951920e+00
-5.688909816618714643e+00
-5.702794545675477167e+00
-5.716681236732239491e+00
-5.730569889789001614e+00
-5.744460504845764426e+00
-5.758353081902527038e+00
-5.772247620959289449e+00
-5.786144122016051661e+00
-5.800042585072813672e+00
-5.813943010129576372e+00
-5.827845397186338872e+00
-5.841749746243101171e+00
-5.855656057299863271e+00
-5.869564330356626058e+00
-5.883474565413388646e+00
-5.897386762470151034e+00
-5.911300921526913221e+00
-5.925217042583676097e+00
-5.939135125640438773e+00
-5.953055170697201248e+00
-5.966977177753963524e+00
-5.980901146810725599e+00
-5.994827077867488363e+00
-6.008754970924250927e+00
-6.022684825981013290e+00
-6.036616643037775454e+00
-6.050550422094538305e+00
-6.064486163151300957e+00
-6.078423866208063409e+00
-6.092363531264825660e+00
-6.106305158321587712e+00
-6.120248747378350451e+00
-6.134194298435112991e+00
-6.148141811491875330e+00
-6.162091286548637470e+00
-6.176042723605400298e+00
-6.189996122662162925e+00
-6.203951483718925353e+00
-6.217908806775687580e+00
-6.231868091832449608e+00
-6.245829338889212323e+00
-6.259792547945974839e+00
-6.273757719002737154e+00
-6.287724852059499270e+00
-6.301693947116262073e+00
-6.315665004173024677e+00
-6.329638023229787080e+00
-6.343613004286549284e+00
-6.357589947343312176e+00
-6.371568852400074867e+00
-6.385549719456837359e+00
-6.399532548513599650e+00
-6.413517339570361742e+00
-6.427504092627124521e+00
-6.441492807683887101e+00
-6.455483484740649480e+00
-6.469476123797411660e+00
-6.483470724854174527e+00
-6.497467287910937195e+00
-6.511465812967699662e+00
-6.525466300024461930e+00
-6.539468749081223997e+00
-6.553473160137986753e+00
-6.567479533194749308e+00
-6.581487868251511664e+00
-6.595498165308273819e+00
-6.609510424365036663e+00
-6.623524645421799306e+00
-6.637540828478561750e+00
-6.651558973535323993e+00
-6.665579080592086925e+00
-6.679601149648849656e+00
-6.693625180705612188e+00
-6.707651173762374519e+00
-6.721679128819136650e+00
-6.735709045875899470e+00
-6.749740924932662089e+00
-6.763774765989424509e+00
-6.777810569046186728e+00
-6.791848334102949636e+00
-6.805888061159712343e+00
-6.819929750216474851e+00
-6.833973401273237158e+00
-6.848019014329999266e+00
-6.862066589386762061e+00
-6.876116126443524657e+00
-6.890167625500287052e+00
-6.904221086557049247e+00
-6.918276509613812131e+00
-6.932333894670574814e+00
-6.946393241727337298e+00
-6.960454550784099581e+00
-6.974517821840861664e+00
-6.988583054897624436e+00
-7.002650249954387007e+00
-7.016719407011149379e+00
-7.030790526067911550e+00
-7.044863607124674409e+00
-7.058938650181437069e+00
-7.073015655238199528e+00
-7.087094622294961788e+00
-7.101175551351724735e+00
-7.115258442408487483e+00
-7.129343295465250030e+00
-7.143430110522012377e+00
-7.157518887578774525e+00
-7.171609626635537360e+00
-7.185702327692299995e+00
-7.199796990749062431e+00
-7.213893615805824666e+00
-7.227992202862587590e+00
-7.242092751919350313e+00
-7.256195262976112836e+00
-7.270299736032875160e+00
-7.284406171089637283e+00
-7.298514568146400094e+00
-7.312624927203162706e+00
-7.326737248259925117e+00
-7.340851531316687328e+00
-7.354967776373450228e+00
-7.369085983430212927e+00
-7.383206152486975427e+00
-7.397328283543737726e+00
-7.411452376600499825e+00
-7.425578431657262612e+00
-7.439706448714025200e+00
-7.453836427770787587e+00
-7.467968368827549774e+00
-7.482102271884312650e+00
-7.496238136941075325e+00
-7.510375963997837800e+00
-7.524515753054600076e+00
-7.538657504111363039e+00
-7.552801217168125802e+00
-7.566946892224888366e+00
-7.581094529281650729e+00
-7.595244128338412892e+00
-7.609395689395175744e+00
-7.623549212451938395e+00
-7.637704697508700846e+00
-7.651862144565463097e+00
-7.666021553622226037e+00
-7.680182924678988776e+00
-7.694346257735751315e+00
-7.708511552792513655e+00
-7.722678809849275794e+00
-7.736848028906038621e+00
-7.751019209962801249e+00
-7.765192353019563676e+00
-7.779367458076325903e+00
-7.793544525133088818e+00
-7.807723554189851534e+00
-7.821904545246614049e+00
-7.836087498303376364e+00
-7.850272413360138479e+00
-7.864459290416901283e+00
-7.878648129473663886e+00
-7.892838930530426289e+00
-7.907031693587188492e+00
-7.921226418643951384e+00
-7.935423105700714075e+00
-7.949621754757476566e+00
-7.963822365814238857e+00
-7.978024938871001837e+00
-7.992229473927764616e+00
-8.006435970984526307e+00
-8.020644430041288686e+00
-8.034854851098051753e+00
-8.049067234154813733e+00
-8.063281579211576400e+00
-8.077497886268339755e+00
-8.091716155325102022e+00
-8.105936386381864978e+00
-8.120158579438626845e+00
-8.134382734495389400e+00
-8.148608851552152643e+00
-8.162836930608914798e+00
-8.177066971665677642e+00
-8.191298974722439397e+00
-8.205532939779201840e+00
-8.219768866835964971e+00
-8.234006755892727014e+00
-8.248246606949489745e+00
-8.262488420006253165e+00
-8.276732195063015496e+00
-8.290977932119778515e+00
-8.305225631176540446e+00
-8.319475292233303065e+00
-8.333726915290066373e+00
-8.347980500346828592e+00
-8.362236047403591499e+00
-8.376493556460353318e+00
-8.390753027517115825e+00
-8.405014460573879020e+00
-8.419277855630641128e+00
-8.433543212687403923e+00
-8.447810531744165630e+00
-8.462079812800928025e+00
-8.476351055857691108e+00
-8.490624260914453103e+00
-8.504899427971215786e+00
-8.519176557027979158e+00
-8.533455648084741441e+00
-8.547736701141504412e+00
-8.562019716198266295e+00
-8.576304693255028866e+00
-8.590591632311792125e+00
-8.604880533368554296e+00
-8.619171396425317155e+00
-8.633464221482078926e+00
-8.647759008538841385e+00
-8.662055757595604533e+00
-8.676354468652366592e+00
-8.690655141709129339e+00
-8.704957776765892774e+00
-8.719262373822655121e+00
-8.733568932879418156e+00
-8.747877453936180103e+00
-8.762187936992942738e+00
-8.776500382049706062e+00
-8.790814789106468297e+00
-8.805131158163231220e+00
-8.819449489219993055e+00
-8.833769782276755578e+00
-8.848092037333518789e+00
-8.862416254390280912e+00
-8.876742433447043723e+00
-8.891070574503805446e+00
-8.905400677560567857e+00
-8.919732742617330956e+00
-8.934066769674092967e+00
-8.948402758730855666e+00
-8.962740709787619053e+00
-8.977080622844381352e+00
-8.991422497901144339e+00
-9.005766334957906238e+00
-9.020112134014668825e+00
-9.034459895071432101e+00
-9.048809618128194288e+00
-9.063161303184957163e+00
-9.077514950241718950e+00
-9.091870559298481425e+00
-9.106228130355244588e+00
-9.120587663412006663e+00
-9.134949158468769426e+00
-9.149312615525532877e+00
-9.163678034582295240e+00
-9.178045415639058291e+00
-9.192414758695820254e+00
-9.206786063752582905e+00
-9.221159330809346244e+00
-9.235534559866108495e+00
-9.249911750922871434e+00
-9.264290903979633285e+00
-9.278672019036395824e+00
-9.293055096093159051e+00
-9.307440135149921190e+00
-9.321827136206684017e+00
-9.336216099263445756e+00
-9.350607024320208183e+00
-9.364999911376971298e+00
-9.379394760433733325e+00
-9.393791571490496040e+00
-9.408190344547259443e+00
-9.422591079604021758e+00
-9.436993776660784761e+00
-9.451398435717546676e+00
-9.465805056774309278e+00
-9.480213639831072570e+00
-9.494624184887834772e+00
-9.509036691944597663e+00
-9.523451161001359466e+00
-9.537867592058121957e+00
-9.552285985114885136e+00
-9.566706340171647227e+00
-9.581128657228410006e+00
-9.595552936285173473e+00
-9.609979177341935852e+00
-9.624407380398698919e+00
-9.638837545455460898e+00
-9.653269672512223565e+00
-9.667703761568986920e+00
-9.682139812625749187e+00
-9.696577825682512142e+00
-9.711017800739274008e+00
-9.725459737796036563e+00
-9.739903636852799806e+00
-9.754349497909561961e+00
-9.768797320966324804e+00
-9.783247106023086559e+00
-9.797698853079849002e+00
-9.812152562136612133e+00
-9.826608233193374176e+00
-9.841065866250136907e+00
-9.855525461306900326e+00
-9.869987018363662656e+00
-9.884450537420425675e+00
-9.898916018477187606e+00
-9.913383461533950225e+00
-9.927852866590713532e+00
-9.942324233647475751e+00
-9.956797562704238658e+00
-9.971272853761000476e+00
-9.985750106817762983e+00
-1.000022932187452618e+01
-1.001471049893128829e+01
-1.002919363798805108e+01
-1.004367873904481456e+01
-1.005816580210157696e+01
-1.007265482715834004e+01
-1.008714581421510204e+01
-1.010163876327186472e+01
-1.011613367432862809e+01
-1.013063054738539037e+01
-1.014512938244215334e+01
-1.015963017949891523e+01
-1.017413293855567780e+01
-1.018863765961244106e+01
-1.020314434266920323e+01
-1.021765298772596609e+01
-1.023216359478272963e+01
-1.024667616383949209e+01
-1.026119069489625524e+01
-1.027570718795301730e+01
-1.029022564300978004e+01
-1.030474606006654348e+01
-1.031926843912330582e+01
-1.033379278018006886e+01
-1.034831908323683081e+01
-1.036284734829359344e+01
-1.037737757535035676e+01
-1.039190976440711900e+01
-1.040644391546388192e+01
-1.042098002852064376e+01
-1.043551810357740628e+01
-1.045005814063416949e+01
-1.046460013969093161e+01
-1.047914410074769442e+01
-1.049369002380445792e+01
-1.050823790886122033e+01
-1.052278775591798343e+01
-1.053733956497474544e+01
-1.055189333603150814e+01
-1.056644906908827153e+01
-1.058100676414503383e+01
-1.059556642120179681e+01
-1.061012804025855871e+01
-1.062469162131532130e+01
-1.063925716437208457e+01
-1.065382466942884676e+01
-1.066839413648560964e+01
-1.068296556554237320e+01
-1.069753895659913567e+01
-1.071211430965589884e+01
-1.072669162471266091e+01
-1.074127090176942367e+01
-1.075585214082618712e+01
-1.077043534188294949e+01
-1.078502050493971254e+01
-1.079960762999647450e+01
-1.081419671705323715e+01
-1.082878776611000049e+01
-1.084338077716676274e+01
-1.085797575022352568e+01
-1.087257268528028753e+01
-1.088717158233705007e+01
-1.090177244139381330e+01
-1.091637526245057543e+01
-1.093098004550733826e+01
-1.094558679056410178e+01
-1.096019549762086420e+01
-1.097480616667762732e+01
-1.098941879773438934e+01
-1.100403339079115206e+01
-1.101864994584791546e+01
-1.103326846290467778e+01
-1.104788894196144078e+01
-1.106251138301820269e+01
-1.107713578607496530e+01
-1.109176215113172859e+01
-1.110639047818849079e+01
-1.112102076724525368e+01
-1.113565301830201726e+01
-1.115028723135877975e+01
-1.116492340641554293e+01
-1.117956154347230502e+01
-1.119420164252906780e+01
-1.120884370358583126e+01
-1.122348772664259364e+01
-1.123813371169935671e+01
-1.125278165875611869e+01
-1.126743156781288135e+01
-1.128208343886964471e+01
-1.129673727192640698e+01
-1.131139306698316993e+01
-1.132605082403993180e+01
-1.134071054309669435e+01
-1.135537222415345759e+01
-1.137003586721021975e+01
-1.138470147226698259e+01
-1.139936903932374612e+01
-1.141403856838050856e+01
-1.142871005943727170e+01
-1.144338351249403374e+01
-1.145805892755079647e+01
-1.147273630460755989e+01
-1.148741564366432222e+01
-1.150209694472108524e+01
-1.151678020777784717e+01
-1.153146543283460979e+01
-1.154615261989137309e+01
-1.156084176894813531e+01
-1.157553288000489822e+01
-1.159022595306166181e+01
-1.160492098811842432e+01
-1.161961798517518751e+01
-1.163431694423194962e+01
-1.164901786528871241e+01
-1.166372074834547590e+01
-1.167842559340223829e+01
-1.169313240045900137e+01
-1.170784116951576337e+01
-1.172255190057252605e+01
-1.173726459362928942e+01
-1.175197924868605170e+01
-1.176669586574281468e+01
-1.178141444479957656e+01
-1.179613498585633913e+01
-1.181085748891310239e+01
-1.182558195396986456e+01
-1.184030838102662742e+01
-1.185503677008339096e+01
-1.186976712114015342e+01
-1.188449943419691657e+01
-1.189923370925367863e+01
-1.191396994631044137e+01
-1.192870814536720481e+01
-1.194344830642396715e+01
-1.195819042948073019e+01
-1.197293451453749213e+01
-1.198768056159425477e+01
-1.200242857065101809e+01
-1.201717854170778033e+01
-1.203193047476454325e+01
-1.204668436982130686e+01
-1.206144022687806938e+01
-1.207619804593483259e+01
-1.209095782699159471e+01
-1.210571957004835753e+01
-1.212048327510512102e+01
-1.213524894216188343e+01
-1.215001657121864653e+01
-1.216478616227540854e+01
-1.217955771533217124e+01
-1.219433123038893463e+01
-1.220910670744569693e+01
-1.222388414650245991e+01
-1.223866354755922181e+01
-1.225344491061598440e+01
-1.226822823567274767e+01
-1.228301352272950986e+01
-1.229780077178627273e+01
-1.231258998284303630e+01
-1.232738115589979877e+01
-1.234217429095656193e+01
-1.235696938801332401e+01
-1.237176644707008677e+01
-1.238656546812685022e+01
-1.240136645118361258e+01
-1.241616939624037563e+01
-1.243097430329713760e+01
-1.244578117235390025e+01
-1.246059000341066358e+01
-1.247540079646742583e+01
-1.249021355152418877e+01
-1.250502826858095240e+01
-1.251984494763771494e+01
-1.253466358869447816e+01
-1.254948419175124030e+01
-1.256430675680800313e+01
-1.257913128386476664e+01
-1.259395777292152907e+01
-1.260878622397829218e+01
-1.262361663703505421e+01
-1.263844901209181693e+01
-1.265328334914858033e+01
-1.266811964820534264e+01
-1.268295790926210564e+01
-1.269779813231886756e+01
-1.271264031737563016e+01
-1.272748446443239345e+01
-1.274233057348915565e+01
-1.275717864454591854e+01
-1.277202867760268212e+01
-1.278688067265944461e+01
-1.280173462971620779e+01
-1.281659054877296988e+01
-1.283144842982973266e+01
-1.284630827288649613e+01
-1.286117007794325851e+01
-1.287603384500002157e+01
-1.289089957405678355e+01
-1.290576726511354622e+01
-1.292063691817030957e+01
-1.293550853322707184e+01
-1.295038211028383479e+01
-1.296525764934059843e+01
-1.298013515039736099e+01
-1.299501461345412423e+01
-1.300989603851088638e+01
-1.302477942556764923e+01
-1.303966477462441276e+01
-1.305455208568117520e+01
-1.306944135873793833e+01
-1.308433259379470037e+01
-1.309922579085146310e+01
-1.311412094990822652e+01
-1.312901807096498885e+01
-1.314391715402175187e+01
-1.315881819907851380e+01
-1.317372120613527642e+01
-1.318862617519203972e+01
-1.320353310624880194e+01
-1.321844199930556485e+01
-1.323335285436232844e+01
-1.324826567141909095e+01
-1.326318045047585414e+01
-1.327809719153261625e+01
-1.329301589458937904e+01
-1.330793655964614253e+01
-1.332285918670290492e+01
-1.333778377575966800e+01
-1.335271032681643000e+01
-1.336763883987319268e+01
-1.338256931492995605e+01
-1.339750175198671833e+01
-1.341243615104348130e+01
-1.342737251210024496e+01
-1.344231083515700753e+01
-1.345725112021377079e+01
-1.347219336727053296e+01
-1.348713757632729582e+01
-1.350208374738405936e+01
-1.351703188044082182e+01
-1.353198197549758497e+01
-1.354693403255434703e+01
-1.356188805161110977e+01
-1.357684403266787321e+01
-1.359180197572463555e+01
-1.360676188078139859e+01
-1.362172374783816053e+01
-1.363668757689492317e+01
-1.365165336795168649e+01
-1.366662112100844872e+01
