1.000000000000000056e-01
1.000000000000000056e-01
1.000065725820864643e-01
1.000250530739539984e-01
1.000593408357807884e-01
1.001118079863290156e-01
1.001836432870376187e-01
1.002757163469726598e-01
1.003900336339251798e-01
1.005318105467795931e-01
1.007121047607919123e-01
1.009508477684610411e-01
1.012799882775551746e-01
1.017463496436616516e-01
1.024137393760418957e-01
1.033638665527871342e-01
1.046957418986798338e-01
1.065234457036248056e-01
1.089724081093609992e-01
1.121745897480429383e-01
1.162631145325377230e-01
1.213669527460797537e-01
1.276061826082035555e-01
1.350882072862934213e-01
1.439051224781509875e-01
1.541322629368865327e-01
1.658278328025547255e-01
1.790334528010063819e-01
1.937754313132831196e-01
2.100665732422460075e-01
2.279083671079824014e-01
2.472934262634521319e-01
2.682080976824910978e-01
2.906351879438408004e-01
3.145567897804041890e-01
3.399572244351709016e-01
3.668261466276550031e-01
3.951618925166456853e-01
4.249751898139875750e-01
4.562933975507574846e-01
4.891655072991177300e-01
5.236682276038709949e-01
5.599136042845074268e-01
5.980588261223557245e-01
6.383191703758246405e-01
6.809855289817046131e-01
7.264487568322475219e-01
7.752344476099691795e-01
8.280541612823247855e-01
8.858836184514274903e-01
9.500871816813118986e-01
1.022626356497366551e+00
1.106431643950821053e+00
1.206120260522940191e+00
1.329528723969583215e+00
1.491436658334023502e+00
1.724109007546524852e+00
2.109098435530061266e+00
2.757234733490212975e+00
3.466849510970864578e+00
4.244635378297182626e+00
5.127299615104962349e+00
6.061483660048175182e+00
6.995229992543553266e+00
7.925443722054805740e+00
8.836091434623410734e+00
9.732451041699212269e+00
1.047634254548865762e+01
1.057058938341636889e+01
8.473473535036625037e+00
6.246382536143871178e+00
3.971389841440634338e+00
1.780940068648781960e+00
-3.153596563527916175e-01
-1.680900042753448620e+00
-8.354349418706688013e-01
1.596890057358193005e+01
3.277324006315531335e+01
4.957757955304260378e+01
6.638191904250244590e+01
8.318625853226728850e+01
9.999059802203193215e+01
1.167949375117929662e+02
1.335992770015608073e+02
1.504036164913287337e+02
1.672079559810964895e+02
1.840122954708647853e+02
2.008166349606331096e+02
2.176209744504014338e+02
2.344253139401698149e+02
2.512296534299382245e+02
2.680339929197066340e+02
2.848383324094750719e+02
3.016426718992435099e+02
3.184470113890119478e+02
3.352513508787803858e+02
3.520556903685488237e+02
3.688600298583172616e+02
3.856643693480856996e+02
4.024687088378541375e+02
4.192730483276225755e+02
4.360773878173910134e+02
4.528817273071594514e+02
4.696860667969278893e+02
4.864904062866963272e+02
5.032947457764647652e+02
5.200990852662331463e+02
5.369034247560015274e+02
5.537077642457699085e+02
5.705121037355382896e+02
5.873164432253066707e+02
6.041207827150750518e+02
6.209251222048434329e+02
6.377294616946118140e+02
6.545338011843801951e+02
6.713381406741485762e+02
6.881424801639169573e+02
7.049468196536853384e+02
7.217511591434537195e+02
7.385554986332221006e+02
7.553598381229904817e+02
7.721641776127588628e+02
7.889685171025272439e+02
8.057728565922956250e+02
8.225771960820640061e+02
8.393815355718323872e+02
8.561858750616007683e+02
8.729902145513691494e+02
8.897945540411375305e+02
9.065988935309059116e+02
9.234032330206742927e+02
9.402075725104426738e+02
9.570119120002110549e+02
9.738162514899794360e+02
9.906205909797478171e+02
1.007424930469516198e+03
1.024229269959284693e+03
1.041033609449053074e+03
1.057837948938821455e+03
1.074642288428589836e+03
1.091446627918358217e+03
1.108250967408126598e+03
1.125055306897894980e+03
1.141859646387663361e+03
1.158663985877431742e+03
1.175468325367200123e+03
1.192272664856968504e+03
1.209077004346736885e+03
1.225881343836505266e+03
1.242685683326273647e+03
1.259490022816042028e+03
1.276294362305810409e+03
1.293098701795578791e+03
1.309903041285347172e+03
1.326707380775115553e+03
1.343511720264883934e+03
1.360316059754652315e+03
1.377120399244420696e+03
1.393924738734189077e+03
1.410729078223957458e+03
1.427533417713725839e+03
1.444337757203494220e+03
1.461142096693262602e+03
1.477946436183030983e+03
1.494750775672799364e+03
1.511555115162567745e+03
1.528359454652336126e+03
1.545163794142104507e+03
1.561968133631872888e+03
1.578772473121641269e+03
1.595576812611409650e+03
1.612381152101178031e+03
1.629185491590946413e+03
1.645989831080714794e+03
1.662794170570483175e+03
1.679598510060251556e+03
1.696402849550019937e+03
1.713207189039788318e+03
1.730011528529556699e+03
1.746815868019325080e+03
1.763620207509093461e+03
1.780424546998861842e+03
1.797228886488630224e+03
1.814033225978398605e+03
1.830837565468166986e+03
1.847641904957935367e+03
1.864446244447703748e+03
1.881250583937472129e+03
1.898054923427240510e+03
1.914859262917008891e+03
1.931663602406777272e+03
1.948467941896545653e+03
1.965272281386314035e+03
1.982076620876082416e+03
1.998880960365850797e+03
2.015685299855619178e+03
2.032489639345387559e+03
2.049293978835155940e+03
2.066098318324924549e+03
2.082902657814693157e+03
