0.000000000000000000e+00
6.572582086460410653e-04
1.848049186753789128e-03
3.428776182678443685e-03
5.246715054822875292e-03
7.183530070860223542e-03
9.207305993503972497e-03
1.143172869525180962e-02
1.417769128544071715e-02
1.802942140123155526e-02
2.387430076691230210e-02
3.291405090941348921e-02
4.663613661064737459e-02
6.673897323802426007e-02
9.501271767452401651e-02
1.331875345892697682e-01
1.827703804944968147e-01
2.448962405736192227e-01
3.202181638681941278e-01
4.088524784494783071e-01
5.103838213542024604e-01
6.239229862123806258e-01
7.482024678089858050e-01
8.816915191857574996e-01
1.022714045873553301e+00
1.169556986566819390e+00
1.320561999845166534e+00
1.474197851227673217e+00
1.629114192896289115e+00
1.784179386573639059e+00
1.938505915546972380e+00
2.091467141903899485e+00
2.242709026134972028e+00
2.392160183656341310e+00
2.540043465476672147e+00
2.686892219248410818e+00
2.833574588899066882e+00
2.981329729734189637e+00
3.131820773676991188e+00
3.287210974836025201e+00
3.450272030475321383e+00
3.624537668063642304e+00
3.814522183784827991e+00
4.026034425346892931e+00
4.266635860588002593e+00
4.546322785054286442e+00
4.878569077772163531e+00
5.281971367235563264e+00
5.782945716910267819e+00
6.420356322988439501e+00
7.253917481605462569e+00
8.380528745345440456e+00
9.968861657211919081e+00
1.234084634466430863e+01
1.619079343644402513e+01
2.326723492125014303e+01
3.849894279835361743e+01
6.481362979601519214e+01
7.096147774806516395e+01
7.777858673263177991e+01
8.826642368077796164e+01
9.341840449432126547e+01
9.337463324953785104e+01
9.302137295112524384e+01
9.106477125686052432e+01
8.963596070758019607e+01
7.438915037894449256e+01
9.424683792771048729e+00
-2.097115848379743568e+02
-2.227090998892753362e+02
-2.274992694703236680e+02
-2.190449772791852183e+02
-2.096299725001573506e+02
-1.365540386400656985e+02
8.454651008827798364e+01
1.680433551545259888e+03
1.680433948957337861e+03
1.680433948988729071e+03
1.680433948945984184e+03
1.680433948976484999e+03
1.680433948976464535e+03
1.680433948976104148e+03
1.680433948976784222e+03
1.680433948976793090e+03
1.680433948976775355e+03
1.680433948976829925e+03
1.680433948976832653e+03
1.680433948976831061e+03
1.680433948976838792e+03
1.680433948976839929e+03
1.680433948976839702e+03
1.680433948976841293e+03
1.680433948976841748e+03
1.680433948976841748e+03
1.680433948976842203e+03
1.680433948976842430e+03
1.680433948976842430e+03
1.680433948976842430e+03
1.680433948976842430e+03
1.680433948976842430e+03
1.680433948976842430e+03
1.680433948976842430e+03
1.680433948976842430e+03
1.680433948976842430e+03
1.680433948976842430e+03
1.680433948976842430e+03
1.680433948976842430e+03
1.680433948976842430e+03
1.680433948976842430e+03
1.680433948976842430e+03
1.680433948976842430e+03
1.680433948976842430e+03
1.680433948976842430e+03
1.680433948976842430e+03
1.680433948976842430e+03
1.680433948976842430e+03
1.680433948976842430e+03
1.680433948976842430e+03
1.680433948976842430e+03
1.680433948976842430e+03
1.680433948976842430e+03
1.680433948976842430e+03
1.680433948976842430e+03
1.680433948976842430e+03
1.680433948976842430e+03
1.680433948976842430e+03
1.680433948976842430e+03
1.680433948976842430e+03
1.680433948976842430e+03
1.680433948976842430e+03
1.680433948976842430e+03
1.680433948976842430e+03
1.680433948976842430e+03
1.680433948976842430e+03
1.680433948976842430e+03
1.680433948976842430e+03
1.680433948976842430e+03
1.680433948976842430e+03
1.680433948976842430e+03
1.680433948976842430e+03
1.680433948976842430e+03
1.680433948976842430e+03
1.680433948976842430e+03
1.680433948976842430e+03
1.680433948976842430e+03
1.680433948976842430e+03
1.680433948976842430e+03
1.680433948976842430e+03
1.680433948976842430e+03
1.680433948976842430e+03
1.680433948976842430e+03
1.680433948976842430e+03
1.680433948976842430e+03
1.680433948976842430e+03
1.680433948976842430e+03
1.680433948976842430e+03
1.680433948976842430e+03
1.680433948976842430e+03
1.680433948976842430e+03
1.680433948976842430e+03
1.680433948976842430e+03
1.680433948976842430e+03
1.680433948976842430e+03
1.680433948976842430e+03
1.680433948976842430e+03
1.680433948976842430e+03
1.680433948976842430e+03
1.680433948976842430e+03
1.680433948976842430e+03
1.680433948976842430e+03
1.680433948976842430e+03
1.680433948976842430e+03
1.680433948976842430e+03
1.680433948976842430e+03
1.680433948976842430e+03
1.680433948976842430e+03
1.680433948976842430e+03
1.680433948976842430e+03
1.680433948976842430e+03
1.680433948976842430e+03
1.680433948976842430e+03
1.680433948976842430e+03
1.680433948976842430e+03
1.680433948976842430e+03
1.680433948976842430e+03
1.680433948976842430e+03
1.680433948976842430e+03
1.680433948976842430e+03
1.680433948976842430e+03
1.680433948976842430e+03
1.680433948976842430e+03
1.680433948976842430e+03
1.680433948976842430e+03
1.680433948976842430e+03
1.680433948976842430e+03
1.680433948976842430e+03
1.680433948976842430e+03
1.680433948976842430e+03
1.680433948976842430e+03
0.000000000000000000e+00
