0.000000000000000000e+00
2.609914863284416652e-05
7.474481023929642010e-05
1.425803059497384243e-04
2.263188602918515748e-04
3.236284540863169543e-04
4.339989927963563022e-04
5.595018775272751375e-04
7.052968804425102439e-04
8.797337649393010845e-04
1.093926093848865367e-03
1.360755825363640014e-03
1.693395960274034868e-03
2.103587384996447561e-03
2.600025788845593613e-03
3.187249303818704207e-03
3.865332272854154171e-03
4.630496449366352726e-03
5.476510238461540850e-03
6.396547627944085442e-03
7.385092083546513676e-03
8.439515772743476710e-03
9.561104443105461134e-03
1.075546754491964532e-02
1.203241258649645658e-02
1.340544178212470586e-02
1.489104776493944092e-02
1.650796195668782079e-02
1.827646685353424144e-02
2.021783978498109535e-02
2.235396053012818698e-02
2.470709174840994907e-02
2.729982868867268653e-02
3.015521063886340836e-02
3.329698853514521245e-02
3.675004917678044436e-02
4.054100557799876492e-02
4.469897498827138382e-02
4.925658172388938660e-02
5.425124276789346917e-02
5.972682283547942755e-02
6.573578663463058858e-02
7.234203632247167282e-02
7.962471280002236806e-02
8.768337849740895362e-02
9.664521577279516773e-02
1.066752150807653149e-01
1.179908585331000265e-01
1.308836036370719935e-01
1.457505109670064747e-01
1.631399207598865919e-01
1.838108992603898484e-01
2.087747550909806182e-01
2.391032900116177862e-01
2.741518241244768062e-01
2.984186104115397753e-01
1.719047483267625021e-01
-7.956690878747123552e-01
-8.677281762006510135e-01
-8.111297039766670602e-01
-7.821455086195894246e-01
-7.990144007943921212e-01
-8.071143697728513366e-01
-7.882941955215507779e-01
-7.923035465318521986e-01
-8.334308978334388218e-01
-6.270817942870124950e-01
-4.095663543741345780e-02
1.639973252436773610e+00
1.375465360707991636e+00
1.359108551966404788e+00
1.432130543147663859e+00
1.376540519930570472e+00
3.726601566396459120e-01
7.089395217719167697e-01
-3.994011880663129688e+01
-3.994011900449451247e+01
-3.994011900543485183e+01
-3.994011900540136395e+01
-3.994011900540166948e+01
-3.994011900540264293e+01
-3.994011900540252213e+01
-3.994011900540247950e+01
-3.994011900540250792e+01
-3.994011900540250792e+01
-3.994011900540250082e+01
-3.994011900540250082e+01
-3.994011900540250082e+01
-3.994011900540250082e+01
-3.994011900540250082e+01
-3.994011900540250082e+01
-3.994011900540250082e+01
-3.994011900540250082e+01
-3.994011900540250082e+01
-3.994011900540250082e+01
-3.994011900540250082e+01
-3.994011900540250082e+01
-3.994011900540250082e+01
-3.994011900540250082e+01
-3.994011900540250082e+01
-3.994011900540250082e+01
-3.994011900540250082e+01
-3.994011900540250082e+01
-3.994011900540250082e+01
-3.994011900540250082e+01
-3.994011900540250082e+01
-3.994011900540250082e+01
-3.994011900540250082e+01
-3.994011900540250082e+01
-3.994011900540250082e+01
-3.994011900540250082e+01
-3.994011900540250082e+01
-3.994011900540250082e+01
-3.994011900540250082e+01
-3.994011900540250082e+01
-3.994011900540250082e+01
-3.994011900540250082e+01
-3.994011900540250082e+01
-3.994011900540250082e+01
-3.994011900540250082e+01
-3.994011900540250082e+01
-3.994011900540250082e+01
-3.994011900540250082e+01
-3.994011900540250082e+01
-3.994011900540250082e+01
-3.994011900540250082e+01
-3.994011900540250082e+01
-3.994011900540250082e+01
-3.994011900540250082e+01
-3.994011900540250082e+01
-3.994011900540250082e+01
-3.994011900540250082e+01
-3.994011900540250082e+01
-3.994011900540250082e+01
-3.994011900540250082e+01
-3.994011900540250082e+01
-3.994011900540250082e+01
-3.994011900540250082e+01
-3.994011900540250082e+01
-3.994011900540250082e+01
-3.994011900540250082e+01
-3.994011900540250082e+01
-3.994011900540250082e+01
-3.994011900540250082e+01
-3.994011900540250082e+01
-3.994011900540250082e+01
-3.994011900540250082e+01
-3.994011900540250082e+01
-3.994011900540250082e+01
-3.994011900540250082e+01
-3.994011900540250082e+01
-3.994011900540250082e+01
-3.994011900540250082e+01
-3.994011900540250082e+01
-3.994011900540250082e+01
-3.994011900540250082e+01
-3.994011900540250082e+01
-3.994011900540250082e+01
-3.994011900540250082e+01
-3.994011900540250082e+01
-3.994011900540250082e+01
-3.994011900540250082e+01
-3.994011900540250082e+01
-3.994011900540250082e+01
-3.994011900540250082e+01
-3.994011900540250082e+01
-3.994011900540250082e+01
-3.994011900540250082e+01
-3.994011900540250082e+01
-3.994011900540250082e+01
-3.994011900540250082e+01
-3.994011900540250082e+01
-3.994011900540250082e+01
-3.994011900540250082e+01
-3.994011900540250082e+01
-3.994011900540250082e+01
-3.994011900540250082e+01
-3.994011900540250082e+01
-3.994011900540250082e+01
-3.994011900540250082e+01
-3.994011900540250082e+01
-3.994011900540250082e+01
-3.994011900540250082e+01
-3.994011900540250082e+01
-3.994011900540250082e+01
-3.994011900540250082e+01
-3.994011900540250082e+01
-3.994011900540250082e+01
-3.994011900540250082e+01
-3.994011900540250082e+01
-3.994011900540250082e+01
-3.994011900540250082e+01
-3.994011900540250082e+01
-3.994011900540250082e+01
-3.994011900540250082e+01
-3.994011900540250082e+01
-3.994011900540250082e+01
-3.994011900540250082e+01
-3.994011900540250082e+01
0.000000000000000000e+00
