-9.810000000000001011e-03
-2.831964666244388834e-02
-4.581329092645570339e-02
-6.234614077418671602e-02
-7.797185400689317369e-02
-9.274142335030541306e-02
-1.067026208539629817e-01
-1.198986741483585861e-01
-1.323662309917897351e-01
-1.441328433325954617e-01
-1.552144301272883331e-01
-1.656133656356210959e-01
-1.753179140292446814e-01
-1.843036204017176327e-01
-1.925369395623676150e-01
-1.999808796991707771e-01
-2.066018895473535066e-01
-2.123768125907815885e-01
-2.172986348921260025e-01
-2.213800200834902809e-01
-2.246541644546270478e-01
-2.271731202638456182e-01
-2.290042217813700876e-01
-2.302254842115850075e-01
-2.309208241104214465e-01
-2.311757510892850365e-01
-2.310739128459849967e-01
-2.306946274384167050e-01
-2.301113561171759248e-01
-2.293909673804864768e-01
-2.285936055302306424e-01
-2.277729836673718644e-01
-2.269769516003845855e-01
-2.262482287005302961e-01
-2.256252314315831953e-01
-2.251429611112212570e-01
-2.248339488675831221e-01
-2.247292834483977653e-01
-2.248597768801443020e-01
-2.252573579811247839e-01
-2.259568318599434189e-01
-2.269982165376140115e-01
-2.284299855605481100e-01
-2.303137433911151000e-01
-2.327312050036433322e-01
-2.357949729827101548e-01
-2.396657725380104687e-01
-2.445810960104501941e-01
-2.509049466829857411e-01
-2.592187857820237862e-01
-2.704983796161446463e-01
-2.864845017116412484e-01
-3.105356874903218989e-01
-3.498312823127879279e-01
-4.219333437502835182e-01
-5.774360594445494543e-01
-9.685555647376389299e-01
-1.296065682756573079e+00
-8.859384868455125739e-01
-8.217171442329919140e-01
-8.443253781207283870e-01
-8.558100260175196539e-01
-8.035794111149149321e-01
-7.822130161565912232e-01
-8.115106135316909608e-01
-7.420875213477076127e-01
-5.993089010051799725e-01
-1.249349622593844966e+00
-3.700010325497784081e+00
-3.564601094146870874e+00
-3.255682703482630114e+00
-3.153206019117516412e+00
-3.214956746355249084e+00
-2.482914110135781893e+00
-4.632898877967542184e+00
-2.493440980177913602e+01
-2.495402926149818512e+01
-2.497364926245581174e+01
-2.499326926245993974e+01
-2.501288926244883370e+01
-2.503250926244935570e+01
-2.505212926244939453e+01
-2.507174926244923796e+01
-2.509136926244924837e+01
-2.511098926244925167e+01
-2.513060926244924076e+01
-2.515022926244924051e+01
-2.516984926244924026e+01
-2.518946926244924001e+01
-2.520908926244923975e+01
-2.522870926244923950e+01
-2.524832926244923925e+01
-2.526794926244923900e+01
-2.528756926244923875e+01
-2.530718926244923850e+01
-2.532680926244923825e+01
-2.534642926244923800e+01
-2.536604926244923774e+01
-2.538566926244923749e+01
-2.540528926244923724e+01
-2.542490926244923699e+01
-2.544452926244923674e+01
-2.546414926244923649e+01
-2.548376926244923624e+01
-2.550338926244923599e+01
-2.552300926244923573e+01
-2.554262926244923548e+01
-2.556224926244923523e+01
-2.558186926244923498e+01
-2.560148926244923473e+01
-2.562110926244923448e+01
-2.564072926244923423e+01
-2.566034926244923398e+01
-2.567996926244923372e+01
-2.569958926244923347e+01
-2.571920926244923322e+01
-2.573882926244923297e+01
-2.575844926244923272e+01
-2.577806926244923247e+01
-2.579768926244923222e+01
-2.581730926244923197e+01
-2.583692926244923171e+01
-2.585654926244923146e+01
-2.587616926244923121e+01
-2.589578926244923096e+01
-2.591540926244923071e+01
-2.593502926244923046e+01
-2.595464926244923021e+01
-2.597426926244922996e+01
-2.599388926244922970e+01
-2.601350926244922945e+01
-2.603312926244922920e+01
-2.605274926244922895e+01
-2.607236926244922870e+01
-2.609198926244922845e+01
-2.611160926244922820e+01
-2.613122926244922795e+01
-2.615084926244922769e+01
-2.617046926244922744e+01
-2.619008926244922719e+01
-2.620970926244922694e+01
-2.622932926244922669e+01
-2.624894926244922644e+01
-2.626856926244922619e+01
-2.628818926244922594e+01
-2.630780926244922568e+01
-2.632742926244922543e+01
-2.634704926244922518e+01
-2.636666926244922493e+01
-2.638628926244922468e+01
-2.640590926244922443e+01
-2.642552926244922418e+01
-2.644514926244922393e+01
-2.646476926244922367e+01
-2.648438926244922342e+01
-2.650400926244922317e+01
-2.652362926244922292e+01
-2.654324926244922267e+01
-2.656286926244922242e+01
-2.658248926244922217e+01
-2.660210926244922192e+01
-2.662172926244922166e+01
-2.664134926244922141e+01
-2.666096926244922116e+01
-2.668058926244922091e+01
-2.670020926244922066e+01
-2.671982926244922041e+01
-2.673944926244922016e+01
-2.675906926244921991e+01
-2.677868926244921965e+01
-2.679830926244921940e+01
-2.681792926244921915e+01
-2.683754926244921890e+01
-2.685716926244921865e+01
-2.687678926244921840e+01
-2.689640926244921815e+01
-2.691602926244921790e+01
-2.693564926244921764e+01
-2.695526926244921739e+01
-2.697488926244921714e+01
-2.699450926244921689e+01
-2.701412926244921664e+01
-2.703374926244921639e+01
-2.705336926244921614e+01
-2.707298926244921589e+01
-2.709260926244921563e+01
-2.711222926244921538e+01
-2.713184926244921513e+01
-2.715146926244921488e+01
-2.717108926244921463e+01
-2.719070926244921438e+01
-2.721032926244921413e+01
-2.722994926244921388e+01
-2.724956926244921362e+01
-2.726918926244921337e+01
-2.728880926244921312e+01
-2.730842926244921287e+01
-2.732804926244921262e+01
-2.734766926244921237e+01
0.000000000000000000e+00
