1.000000000000000194e-02
1.000000000000000194e-02
1.000026099148633094e-02
1.000100843958872353e-02
1.000243424264822024e-02
1.000469743125113886e-02
1.000793371579200217e-02
1.001227370571996546e-02
1.001786872449523906e-02
1.002492169329966334e-02
1.003371903094905579e-02
1.004465829188754510e-02
1.005826585014118167e-02
1.007519980974392118e-02
1.009623568359388490e-02
1.012223594148234027e-02
1.015410843452052743e-02
1.019276175724906884e-02
1.023906672174273308e-02
1.029383182412734778e-02
1.035779730040678817e-02
1.043164822124225365e-02
1.051604337896968819e-02
1.061165442340074316e-02
1.071920909884993903e-02
1.083953322471490309e-02
1.097358764253615095e-02
1.112249812018554530e-02
1.128757773975242427e-02
1.147034240828776613e-02
1.167252080613757730e-02
1.189606041143885864e-02
1.214313132892295803e-02
1.241612961580968420e-02
1.271768172219831829e-02
1.305065160754977083e-02
1.341815209931757590e-02
1.382356215509756431e-02
1.427055190498027759e-02
1.476311772221917083e-02
1.530563014989810497e-02
1.590289837825289987e-02
1.656025624459920437e-02
1.728367660782392096e-02
1.807992373582414589e-02
1.895675752079823556e-02
1.992320967852618738e-02
2.098996182933383914e-02
2.216987041466483843e-02
2.347870645103555809e-02
2.493621156070562409e-02
2.656761076830449139e-02
2.840571976090839126e-02
3.049346731181819606e-02
3.288450021193437683e-02
3.562601845317914240e-02
3.861020455729453904e-02
4.032925204056216073e-02
3.237256116181503468e-02
2.369527939980852621e-02
1.558398236004185540e-02
7.762527273845961501e-03
-2.276167340979594333e-04
-8.298760431826472661e-03
-1.618170238704198099e-02
-2.410473785236050270e-02
-3.243904683069488704e-02
-3.870986477356501421e-02
-3.911943112793914851e-02
-2.271969860357141158e-02
-8.965044996491495360e-03
4.626040523172553556e-03
1.894734595464919041e-02
3.271275115395489569e-02
3.643935272035135620e-02
4.352874793807052362e-02
-3.558724401282424288e-01
-7.552736301731874935e-01
-1.154674820227536092e+00
-1.554076010281549625e+00
-1.953477200335566266e+00
-2.352878390389592678e+00
-2.752279580443617757e+00
-3.151680770497642392e+00
-3.551081960551667471e+00
-3.950483150605692551e+00
-4.349884340659717630e+00
-4.749285530713742709e+00
-5.148686720767767788e+00
-5.548087910821792867e+00
-5.947489100875817947e+00
-6.346890290929843026e+00
-6.746291480983868105e+00
-7.145692671037893184e+00
-7.545093861091918264e+00
-7.944495051145943343e+00
-8.343896241199967534e+00
-8.743297431253992613e+00
-9.142698621308017692e+00
-9.542099811362042772e+00
-9.941501001416067851e+00
-1.034090219147009293e+01
-1.074030338152411801e+01
-1.113970457157814309e+01
-1.153910576163216817e+01
-1.193850695168619325e+01
-1.233790814174021833e+01
-1.273730933179424341e+01
-1.313671052184826848e+01
-1.353611171190229356e+01
-1.393551290195631864e+01
-1.433491409201034372e+01
-1.473431528206436880e+01
-1.513371647211839388e+01
-1.553311766217241896e+01
-1.593251885222644404e+01
-1.633192004228046912e+01
-1.673132123233449420e+01
-1.713072242238851928e+01
-1.753012361244254436e+01
-1.792952480249656944e+01
-1.832892599255059451e+01
-1.872832718260461959e+01
-1.912772837265864467e+01
-1.952712956271266975e+01
-1.992653075276669483e+01
-2.032593194282071991e+01
-2.072533313287474499e+01
-2.112473432292877007e+01
-2.152413551298279515e+01
-2.192353670303682023e+01
-2.232293789309084531e+01
-2.272233908314487039e+01
-2.312174027319889547e+01
-2.352114146325292054e+01
-2.392054265330694562e+01
-2.431994384336097070e+01
-2.471934503341499578e+01
-2.511874622346902086e+01
-2.551814741352304594e+01
-2.591754860357707102e+01
-2.631694979363109610e+01
-2.671635098368512118e+01
-2.711575217373914626e+01
-2.751515336379317134e+01
-2.791455455384719642e+01
-2.831395574390122150e+01
-2.871335693395524657e+01
-2.911275812400927165e+01
-2.951215931406329673e+01
-2.991156050411732181e+01
-3.031096169417134689e+01
-3.071036288422537197e+01
-3.110976407427939705e+01
-3.150916526433342213e+01
-3.190856645438744721e+01
-3.230796764444146874e+01
-3.270736883449549026e+01
-3.310677002454951179e+01
-3.350617121460353331e+01
-3.390557240465755484e+01
-3.430497359471157637e+01
-3.470437478476559789e+01
-3.510377597481961942e+01
-3.550317716487364095e+01
-3.590257835492766247e+01
-3.630197954498168400e+01
-3.670138073503570553e+01
-3.710078192508972705e+01
-3.750018311514374858e+01
-3.789958430519777011e+01
-3.829898549525179163e+01
-3.869838668530581316e+01
-3.909778787535983469e+01
-3.949718906541385621e+01
-3.989659025546787774e+01
-4.029599144552189927e+01
-4.069539263557592079e+01
-4.109479382562994232e+01
-4.149419501568396385e+01
-4.189359620573798537e+01
-4.229299739579200690e+01
-4.269239858584602842e+01
-4.309179977590004995e+01
-4.349120096595407148e+01
-4.389060215600809300e+01
-4.429000334606211453e+01
-4.468940453611613606e+01
-4.508880572617015758e+01
-4.548820691622417911e+01
-4.588760810627820064e+01
-4.628700929633222216e+01
-4.668641048638624369e+01
-4.708581167644026522e+01
-4.748521286649428674e+01
-4.788461405654830827e+01
-4.828401524660232980e+01
-4.868341643665635132e+01
-4.908281762671037285e+01
-4.948221881676439438e+01
