-0.000000000000000000e+00
-9.810000000000001282e-05
-3.812964666244388935e-04
-8.394293758889959708e-04
-1.462890783630863001e-03
-2.242609323699794842e-03
-3.170023557202849077e-03
-4.237049765742478651e-03
-5.436036507226064962e-03
-6.759698817143962486e-03
-8.201027250469916999e-03
-9.753171551742800469e-03
-1.140930520809901177e-02
-1.316248434839145838e-02
-1.500552055240863408e-02
-1.693088994803230996e-02
-1.893069874502401745e-02
-2.099671764049755238e-02
-2.312048576640536937e-02
-2.529347211532662759e-02
-2.750727231616153026e-02
-2.975381396070780199e-02
-3.202554516334625567e-02
-3.431558738115995932e-02
-3.661784222327581217e-02
-3.892705046438002525e-02
-4.123880797527287867e-02
-4.354954710373273169e-02
-4.585649337811689708e-02
-4.815760693928865938e-02
-5.045151661309352220e-02
-5.273745266839582890e-02
-5.501518250506954449e-02
-5.728495202107339312e-02
-5.954743430807869775e-02
-6.180368662239452832e-02
-6.405511623350673700e-02
-6.630345572218257488e-02
-6.855074855666655476e-02
-7.079934632546799889e-02
-7.305191990527924728e-02
-7.531148822387867536e-02
-7.758147038925480854e-02
-7.986577024486028742e-02
-8.216890767877144119e-02
-8.449621972880787257e-02
-8.685416945863497218e-02
-8.925082718401507187e-02
-9.169663814411957437e-02
-9.420568761094942623e-02
-9.679787546876966742e-02
-9.950285926493111777e-02
-1.023677042820475280e-01
-1.054730611569507509e-01
-1.089713739800786257e-01
-1.131907074175814570e-01
-1.189650680120269560e-01
-1.286506236594033570e-01
-1.416112804869690822e-01
-1.504706653554241935e-01
-1.586878367977541116e-01
-1.671310905789613888e-01
-1.756891908391365886e-01
-1.837249849502857468e-01
-1.915471151118516568e-01
-1.996622212471685642e-01
-2.070830964606456548e-01
-2.130761854706974545e-01
-2.255696816966359097e-01
-2.625697849516137605e-01
-2.982157958930824471e-01
-3.307726229279087660e-01
-3.623046831190839256e-01
-3.944542505826363898e-01
-4.192833916839941999e-01
-4.656123804636695951e-01
-7.149564784814609331e-01
-9.644967710964428287e-01
-1.214233263721000933e+00
-1.464165956345600428e+00
-1.714294848970088658e+00
-1.964619941594582198e+00
-2.215141234219076161e+00
-2.465858726843568327e+00
-2.716772419468060917e+00
-2.967882312092553487e+00
-3.219188404717046037e+00
-3.470690697341538566e+00
-3.722389189966031076e+00
-3.974283882590523564e+00
-4.226374775215015589e+00
-4.478661867839507593e+00
-4.731145160464000021e+00
-4.983824653088491985e+00
-5.236700345712984372e+00
-5.489772238337476296e+00
-5.743040330961968642e+00
-5.996504623586461413e+00
-6.250165116210953720e+00
-6.504021808835446450e+00
-6.758074701459938716e+00
-7.012323794084431405e+00
-7.266769086708923631e+00
-7.521410579333416280e+00
-7.776248271957908464e+00
-8.031282164582400185e+00
-8.286512257206892329e+00
-8.541938549831384009e+00
-8.797561042455877001e+00
-9.053379735080369528e+00
-9.309394627704861591e+00
-9.565605720329353190e+00
-9.822013012953846101e+00
-1.007861650557833855e+01
-1.033541619820283053e+01
-1.059241209082732205e+01
-1.084960418345181488e+01
-1.110699247607630724e+01
-1.136457696870079914e+01
-1.162235766132529236e+01
-1.188033455394978510e+01
-1.213850764657427739e+01
-1.239687693919876921e+01
-1.265544243182326234e+01
-1.291420412444775501e+01
-1.317316201707224721e+01
-1.343231610969673895e+01
-1.369166640232123200e+01
-1.395121289494572459e+01
-1.421095558757021671e+01
-1.447089448019470836e+01
-1.473102957281920133e+01
-1.499136086544369384e+01
-1.525188835806818588e+01
-1.551261205069267746e+01
-1.577353194331717035e+01
-1.603464803594166099e+01
-1.629596032856615295e+01
-1.655746882119064622e+01
-1.681917351381513726e+01
-1.708107440643962960e+01
-1.734317149906412325e+01
-1.760546479168861467e+01
-1.786795428431310739e+01
-1.813063997693760143e+01
-1.839352186956209323e+01
-1.865659996218658634e+01
-1.891987425481107721e+01
-1.918334474743556939e+01
-1.944701144006006288e+01
-1.971087433268455413e+01
-1.997493342530904670e+01
-2.023918871793354057e+01
-2.050364021055803221e+01
-2.076828790318252516e+01
-2.103313179580701586e+01
-2.129817188843150788e+01
-2.156340818105600121e+01
-2.182884067368049230e+01
-2.209446936630498470e+01
-2.236029425892947842e+01
-2.262631535155396989e+01
-2.289253264417846268e+01
-2.315894613680295322e+01
-2.342555582942744508e+01
-2.369236172205193824e+01
-2.395936381467642917e+01
-2.422656210730092141e+01
-2.449395659992541496e+01
-2.476154729254990627e+01
-2.502933418517439890e+01
-2.529731727779889283e+01
-2.556549657042338453e+01
-2.583387206304787753e+01
-2.610244375567236830e+01
-2.637121164829686037e+01
-2.664017574092135376e+01
-2.690933603354584491e+01
-2.717869252617033737e+01
-2.744824521879483115e+01
-2.771799411141932268e+01
-2.798793920404381552e+01
-2.825808049666830613e+01
-2.852841798929279804e+01
-2.879895168191729127e+01
-2.906968157454178225e+01
-2.934060766716627455e+01
-2.961172995979076816e+01
-2.988304845241525953e+01
-3.015456314503975221e+01
-3.042627403766424266e+01
-3.069818113028873441e+01
-3.097028442291322747e+01
-3.124258391553771830e+01
-3.151507960816221043e+01
-3.178777150078670388e+01
-3.206065959341119509e+01
-3.233374388603568406e+01
-3.260702437866017789e+01
-3.288050107128466948e+01
